/gpfs/cfel/group/cxi/scratch/2021/ESRF-2024-Meents-Mar-ID09/RAW_DATA/darks/20240306_180458_darks_sc_6.8us_0.0us_d0_f0_0.h5
0 0
1 1
2 2
3 3
4 4
5 5
6 6
7 7
8 8
9 9
10 10
11 11
12 12
13 13
14 14
15 15
16 0
17 1
18 2
19 3
20 4
21 5
22 6
23 7
24 8
25 9
26 10
27 11
28 12
29 13
30 14
31 15
32 0
33 1
34 2
35 3
36 4
37 5
38 6
39 7
40 8
41 9
42 10
43 11
44 12
45 13
46 14
47 15
48 0
49 1
50 2
51 3
52 4
53 5
54 6
55 7
56 8
57 9
58 10
59 11
60 12
61 13
62 14
63 15
64 0
65 1
66 2
67 3
68 4
69 5
70 6
71 7
72 8
73 9
74 10
75 11
76 12
77 13
78 14
79 15
80 0
81 1
82 2
83 3
84 4
85 5
86 6
87 7
88 8
89 9
90 10
91 11
92 12
93 13
94 14
95 15
96 0
97 1
98 2
99 3
100 4
101 5
102 6
103 7
104 8
105 9
106 10
107 11
108 12
109 13
110 14
111 15
112 0
113 1
114 2
115 3
116 4
117 5
118 6
119 7
120 8
121 9
122 10
123 11
124 12
125 13
126 14
127 15
128 0
129 1
130 2
131 3
132 4
133 5
134 6
135 7
136 8
137 9
138 10
139 11
140 12
141 13
142 14
143 15
144 0
145 1
146 2
147 3
148 4
149 5
150 6
151 7
152 8
153 9
154 10
155 11
156 12
157 13
158 14
159 15
160 0
161 1
162 2
163 3
164 4
165 5
166 6
167 7
168 8
169 9
170 10
171 11
172 12
173 13
174 14
175 15
176 0
177 1
178 2
179 3
180 4
181 5
182 6
183 7
184 8
185 9
186 10
187 11
188 12
189 13
190 14
191 15
192 0
193 1
194 2
195 3
196 4
197 5
198 6
199 7
200 8
201 9
202 10
203 11
204 12
205 13
206 14
207 15
208 0
209 1
210 2
211 3
212 4
213 5
214 6
215 7
216 8
217 9
218 10
219 11
220 12
221 13
222 14
223 15
224 0
225 1
226 2
227 3
228 4
229 5
230 6
231 7
232 8
233 9
234 10
235 11
236 12
237 13
238 14
239 15
240 0
241 1
242 2
243 3
244 4
245 5
246 6
247 7
248 8
249 9
250 10
251 11
252 12
253 13
254 14
255 15
256 0
257 1
258 2
259 3
260 4
261 5
262 6
263 7
264 8
265 9
266 10
267 11
268 12
269 13
270 14
271 15
272 0
273 1
274 2
275 3
276 4
277 5
278 6
279 7
280 8
281 9
282 10
283 11
284 12
285 13
286 14
287 15
288 0
289 1
290 2
291 3
292 4
293 5
294 6
295 7
296 8
297 9
298 10
299 11
300 12
301 13
302 14
303 15
304 0
305 1
306 2
307 3
308 4
309 5
310 6
311 7
312 8
313 9
314 10
315 11
316 12
317 13
318 14
319 15
320 0
321 1
322 2
323 3
324 4
325 5
326 6
327 7
328 8
329 9
330 10
331 11
332 12
333 13
334 14
335 15
336 0
337 1
338 2
339 3
340 4
341 5
342 6
343 7
344 8
345 9
346 10
347 11
348 12
349 13
350 14
351 15
352 0
353 1
354 2
355 3
356 4
357 5
358 6
359 7
360 8
361 9
362 10
363 11
364 12
365 13
366 14
367 15
368 0
369 1
370 2
371 3
372 4
373 5
374 6
375 7
376 8
377 9
378 10
379 11
380 12
381 13
382 14
383 15
384 0
385 1
386 2
387 3
388 4
389 5
390 6
391 7
392 8
393 9
394 10
395 11
396 12
397 13
398 14
399 15
400 0
401 1
402 2
403 3
404 4
405 5
406 6
407 7
408 8
409 9
410 10
411 11
412 12
413 13
414 14
415 15
416 0
417 1
418 2
419 3
420 4
421 5
422 6
423 7
424 8
425 9
426 10
427 11
428 12
429 13
430 14
431 15
432 0
433 1
434 2
435 3
436 4
437 5
438 6
439 7
440 8
441 9
442 10
443 11
444 12
445 13
446 14
447 15
448 0
449 1
450 2
451 3
452 4
453 5
454 6
455 7
456 8
457 9
458 10
459 11
460 12
461 13
462 14
463 15
464 0
465 1
466 2
467 3
468 4
469 5
470 6
471 7
472 8
473 9
474 10
475 11
476 12
477 13
478 14
479 15
480 0
481 1
482 2
483 3
484 4
485 5
486 6
487 7
488 8
489 9
490 10
491 11
492 12
493 13
494 14
495 15
496 0
497 1
498 2
499 3
500 4
501 5
502 6
503 7
504 8
505 9
506 10
507 11
508 12
509 13
510 14
511 15
512 0
513 1
514 2
515 3
516 4
517 5
518 6
519 7
520 8
521 9
522 10
523 11
524 12
525 13
526 14
527 15
528 0
529 1
530 2
531 3
532 4
533 5
534 6
535 7
536 8
537 9
538 10
539 11
540 12
541 13
542 14
543 15
544 0
545 1
546 2
547 3
548 4
549 5
550 6
551 7
552 8
553 9
554 10
555 11
556 12
557 13
558 14
559 15
560 0
561 1
562 2
563 3
564 4
565 5
566 6
567 7
568 8
569 9
570 10
571 11
572 12
573 13
574 14
575 15
576 0
577 1
578 2
579 3
580 4
581 5
582 6
583 7
584 8
585 9
586 10
587 11
588 12
589 13
590 14
591 15
592 0
593 1
594 2
595 3
596 4
597 5
598 6
599 7
600 8
601 9
602 10
603 11
604 12
605 13
606 14
607 15
608 0
609 1
610 2
611 3
612 4
613 5
614 6
615 7
616 8
617 9
618 10
619 11
620 12
621 13
622 14
623 15
624 0
625 1
626 2
627 3
628 4
629 5
630 6
631 7
632 8
633 9
634 10
635 11
636 12
637 13
638 14
639 15
640 0
641 1
642 2
643 3
644 4
645 5
646 6
647 7
648 8
649 9
650 10
651 11
652 12
653 13
654 14
655 15
656 0
657 1
658 2
659 3
660 4
661 5
662 6
663 7
664 8
665 9
666 10
667 11
668 12
669 13
670 14
671 15
672 0
673 1
674 2
675 3
676 4
677 5
678 6
679 7
680 8
681 9
682 10
683 11
684 12
685 13
686 14
687 15
688 0
689 1
690 2
691 3
692 4
693 5
694 6
695 7
696 8
697 9
698 10
699 11
700 12
701 13
702 14
703 15
704 0
705 1
706 2
707 3
708 4
709 5
710 6
711 7
712 8
713 9
714 10
715 11
716 12
717 13
718 14
719 15
720 0
721 1
722 2
723 3
724 4
725 5
726 6
727 7
728 8
729 9
730 10
731 11
732 12
733 13
734 14
735 15
736 0
737 1
738 2
739 3
740 4
741 5
742 6
743 7
744 8
745 9
746 10
747 11
748 12
749 13
750 14
751 15
752 0
753 1
754 2
755 3
756 4
757 5
758 6
759 7
760 8
761 9
762 10
763 11
764 12
765 13
766 14
767 15
768 0
769 1
770 2
771 3
772 4
773 5
774 6
775 7
776 8
777 9
778 10
779 11
780 12
781 13
782 14
783 15
784 0
785 1
786 2
787 3
788 4
789 5
790 6
791 7
792 8
793 9
794 10
795 11
796 12
797 13
798 14
799 15
800 0
801 1
802 2
803 3
804 4
805 5
806 6
807 7
808 8
809 9
810 10
811 11
812 12
813 13
814 14
815 15
816 0
817 1
818 2
819 3
820 4
821 5
822 6
823 7
824 8
825 9
826 10
827 11
828 12
829 13
830 14
831 15
832 0
833 1
834 2
835 3
836 4
837 5
838 6
839 7
840 8
841 9
842 10
843 11
844 12
845 13
846 14
847 15
848 0
849 1
850 2
851 3
852 4
853 5
854 6
855 7
856 8
857 9
858 10
859 11
860 12
861 13
862 14
863 15
864 0
865 1
866 2
867 3
868 4
869 5
870 6
871 7
872 8
873 9
874 10
875 11
876 12
877 13
878 14
879 15
880 0
881 1
882 2
883 3
884 4
885 5
886 6
887 7
888 8
889 9
890 10
891 11
892 12
893 13
894 14
895 15
896 0
897 1
898 2
899 3
900 4
901 5
902 6
903 7
904 8
905 9
906 10
907 11
908 12
909 13
910 14
911 15
912 0
913 1
914 2
915 3
916 4
917 5
918 6
919 7
920 8
921 9
922 10
923 11
924 12
925 13
926 14
927 15
928 0
929 1
930 2
931 3
932 4
933 5
934 6
935 7
936 8
937 9
938 10
939 11
940 12
941 13
942 14
943 15
944 0
945 1
946 2
947 3
948 4
949 5
950 6
951 7
952 8
953 9
954 10
955 11
956 12
957 13
958 14
959 15
960 0
961 1
962 2
963 3
964 4
965 5
966 6
967 7
968 8
969 9
970 10
971 11
972 12
973 13
974 14
975 15
976 0
977 1
978 2
979 3
980 4
981 5
982 6
983 7
984 8
985 9
986 10
987 11
988 12
989 13
990 14
991 15
992 0
993 1
994 2
995 3
996 4
997 5
998 6
999 7
1000 8
1001 9
1002 10
1003 11
1004 12
1005 13
1006 14
1007 15
1008 0
1009 1
1010 2
1011 3
1012 4
1013 5
1014 6
1015 7
1016 8
1017 9
1018 10
1019 11
1020 12
1021 13
1022 14
1023 15
1024 0
1025 1
1026 2
1027 3
1028 4
1029 5
1030 6
1031 7
1032 8
1033 9
1034 10
1035 11
1036 12
1037 13
1038 14
1039 15
1040 0
1041 1
1042 2
1043 3
1044 4
1045 5
1046 6
1047 7
1048 8
1049 9
1050 10
1051 11
1052 12
1053 13
1054 14
1055 15
1056 0
1057 1
1058 2
1059 3
1060 4
1061 5
1062 6
1063 7
1064 8
1065 9
1066 10
1067 11
1068 12
1069 13
1070 14
1071 15
1072 0
1073 1
1074 2
1075 3
1076 4
1077 5
1078 6
1079 7
1080 8
1081 9
1082 10
1083 11
1084 12
1085 13
1086 14
1087 15
1088 0
1089 1
1090 2
1091 3
1092 4
1093 5
1094 6
1095 7
1096 8
1097 9
1098 10
1099 11
1100 12
1101 13
1102 14
1103 15
1104 0
1105 1
1106 2
1107 3
1108 4
1109 5
1110 6
1111 7
1112 8
1113 9
1114 10
1115 11
1116 12
1117 13
1118 14
1119 15
1120 0
1121 1
1122 2
1123 3
1124 4
1125 5
1126 6
1127 7
1128 8
1129 9
1130 10
1131 11
1132 12
1133 13
1134 14
1135 15
1136 0
1137 1
1138 2
1139 3
1140 4
1141 5
1142 6
1143 7
1144 8
1145 9
1146 10
1147 11
1148 12
1149 13
1150 14
1151 15
1152 0
1153 1
1154 2
1155 3
1156 4
1157 5
1158 6
1159 7
1160 8
1161 9
1162 10
1163 11
1164 12
1165 13
1166 14
1167 15
1168 0
1169 1
1170 2
1171 3
1172 4
1173 5
1174 6
1175 7
1176 8
1177 9
1178 10
1179 11
1180 12
1181 13
1182 14
1183 15
1184 0
1185 1
1186 2
1187 3
1188 4
1189 5
1190 6
1191 7
1192 8
1193 9
1194 10
1195 11
1196 12
1197 13
1198 14
1199 15
1200 0
1201 1
1202 2
1203 3
1204 4
1205 5
1206 6
1207 7
1208 8
1209 9
1210 10
1211 11
1212 12
1213 13
1214 14
1215 15
1216 0
1217 1
1218 2
1219 3
1220 4
1221 5
1222 6
1223 7
1224 8
1225 9
1226 10
1227 11
1228 12
1229 13
1230 14
1231 15
1232 0
1233 1
1234 2
1235 3
1236 4
1237 5
1238 6
1239 7
1240 8
1241 9
1242 10
1243 11
1244 12
1245 13
1246 14
1247 15
1248 0
1249 1
1250 2
1251 3
1252 4
1253 5
1254 6
1255 7
1256 8
1257 9
1258 10
1259 11
1260 12
1261 13
1262 14
1263 15
1264 0
1265 1
1266 2
1267 3
1268 4
1269 5
1270 6
1271 7
1272 8
1273 9
1274 10
1275 11
1276 12
1277 13
1278 14
1279 15
1280 0
1281 1
1282 2
1283 3
1284 4
1285 5
1286 6
1287 7
1288 8
1289 9
1290 10
1291 11
1292 12
1293 13
1294 14
1295 15
1296 0
1297 1
1298 2
1299 3
1300 4
1301 5
1302 6
1303 7
1304 8
1305 9
1306 10
1307 11
1308 12
1309 13
1310 14
1311 15
1312 0
1313 1
1314 2
1315 3
1316 4
1317 5
1318 6
1319 7
1320 8
1321 9
1322 10
1323 11
1324 12
1325 13
1326 14
1327 15
1328 0
1329 1
1330 2
1331 3
1332 4
1333 5
1334 6
1335 7
1336 8
1337 9
1338 10
1339 11
1340 12
1341 13
1342 14
1343 15
1344 0
1345 1
1346 2
1347 3
1348 4
1349 5
1350 6
1351 7
1352 8
1353 9
1354 10
1355 11
1356 12
1357 13
1358 14
1359 15
1360 0
1361 1
1362 2
1363 3
1364 4
1365 5
1366 6
1367 7
1368 8
1369 9
1370 10
1371 11
1372 12
1373 13
1374 14
1375 15
1376 0
1377 1
1378 2
1379 3
1380 4
1381 5
1382 6
1383 7
1384 8
1385 9
1386 10
1387 11
1388 12
1389 13
1390 14
1391 15
1392 0
1393 1
1394 2
1395 3
1396 4
1397 5
1398 6
1399 7
1400 8
1401 9
1402 10
1403 11
1404 12
1405 13
1406 14
1407 15
1408 0
1409 1
1410 2
1411 3
1412 4
1413 5
1414 6
1415 7
1416 8
1417 9
1418 10
1419 11
1420 12
1421 13
1422 14
1423 15
1424 0
1425 1
1426 2
1427 3
1428 4
1429 5
1430 6
1431 7
1432 8
1433 9
1434 10
1435 11
1436 12
1437 13
1438 14
1439 15
1440 0
1441 1
1442 2
1443 3
1444 4
1445 5
1446 6
1447 7
1448 8
1449 9
1450 10
1451 11
1452 12
1453 13
1454 14
1455 15
1456 0
1457 1
1458 2
1459 3
1460 4
1461 5
1462 6
1463 7
1464 8
1465 9
1466 10
1467 11
1468 12
1469 13
1470 14
1471 15
1472 0
1473 1
1474 2
1475 3
1476 4
1477 5
1478 6
1479 7
1480 8
1481 9
1482 10
1483 11
1484 12
1485 13
1486 14
1487 15
1488 0
1489 1
1490 2
1491 3
1492 4
1493 5
1494 6
1495 7
1496 8
1497 9
1498 10
1499 11
1500 12
1501 13
1502 14
1503 15
1504 0
1505 1
1506 2
1507 3
1508 4
1509 5
1510 6
1511 7
1512 8
1513 9
1514 10
1515 11
1516 12
1517 13
1518 14
1519 15
1520 0
1521 1
1522 2
1523 3
1524 4
1525 5
1526 6
1527 7
1528 8
1529 9
1530 10
1531 11
1532 12
1533 13
1534 14
1535 15
1536 0
1537 1
1538 2
1539 3
1540 4
1541 5
1542 6
1543 7
1544 8
1545 9
1546 10
1547 11
1548 12
1549 13
1550 14
1551 15
1552 0
1553 1
1554 2
1555 3
1556 4
1557 5
1558 6
1559 7
1560 8
1561 9
1562 10
1563 11
1564 12
1565 13
1566 14
1567 15
1568 0
1569 1
1570 2
1571 3
1572 4
1573 5
1574 6
1575 7
1576 8
1577 9
1578 10
1579 11
1580 12
1581 13
1582 14
1583 15
1584 0
1585 1
1586 2
1587 3
1588 4
1589 5
1590 6
1591 7
1592 8
1593 9
1594 10
1595 11
1596 12
1597 13
1598 14
1599 15
1600 0
1601 1
1602 2
1603 3
1604 4
1605 5
1606 6
1607 7
1608 8
1609 9
1610 10
1611 11
1612 12
1613 13
1614 14
1615 15
1616 0
1617 1
1618 2
1619 3
1620 4
1621 5
1622 6
1623 7
1624 8
1625 9
1626 10
1627 11
1628 12
1629 13
1630 14
1631 15
1632 0
1633 1
1634 2
1635 3
1636 4
1637 5
1638 6
1639 7
1640 8
1641 9
1642 10
1643 11
1644 12
1645 13
1646 14
1647 15
1648 0
1649 1
1650 2
1651 3
1652 4
1653 5
1654 6
1655 7
1656 8
1657 9
1658 10
1659 11
1660 12
1661 13
1662 14
1663 15
1664 0
1665 1
1666 2
1667 3
1668 4
1669 5
1670 6
1671 7
1672 8
1673 9
1674 10
1675 11
1676 12
1677 13
1678 14
1679 15
1680 0
1681 1
1682 2
1683 3
1684 4
1685 5
1686 6
1687 7
1688 8
1689 9
1690 10
1691 11
1692 12
1693 13
1694 14
1695 15
1696 0
1697 1
1698 2
1699 3
1700 4
1701 5
1702 6
1703 7
1704 8
1705 9
1706 10
1707 11
1708 12
1709 13
1710 14
1711 15
1712 0
1713 1
1714 2
1715 3
1716 4
1717 5
1718 6
1719 7
1720 8
1721 9
1722 10
1723 11
1724 12
1725 13
1726 14
1727 15
1728 0
1729 1
1730 2
1731 3
1732 4
1733 5
1734 6
1735 7
1736 8
1737 9
1738 10
1739 11
1740 12
1741 13
1742 14
1743 15
1744 0
1745 1
1746 2
1747 3
1748 4
1749 5
1750 6
1751 7
1752 8
1753 9
1754 10
1755 11
1756 12
1757 13
1758 14
1759 15
1760 0
1761 1
1762 2
1763 3
1764 4
1765 5
1766 6
1767 7
1768 8
1769 9
1770 10
1771 11
1772 12
1773 13
1774 14
1775 15
1776 0
1777 1
1778 2
1779 3
1780 4
1781 5
1782 6
1783 7
1784 8
1785 9
1786 10
1787 11
1788 12
1789 13
1790 14
1791 15
1792 0
1793 1
1794 2
1795 3
1796 4
1797 5
1798 6
1799 7
1800 8
1801 9
1802 10
1803 11
1804 12
1805 13
1806 14
1807 15
1808 0
1809 1
1810 2
1811 3
1812 4
1813 5
1814 6
1815 7
1816 8
1817 9
1818 10
1819 11
1820 12
1821 13
1822 14
1823 15
1824 0
1825 1
1826 2
1827 3
1828 4
1829 5
1830 6
1831 7
1832 8
1833 9
1834 10
1835 11
1836 12
1837 13
1838 14
1839 15
1840 0
1841 1
1842 2
1843 3
1844 4
1845 5
1846 6
1847 7
1848 8
1849 9
1850 10
1851 11
1852 12
1853 13
1854 14
1855 15
1856 0
1857 1
1858 2
1859 3
1860 4
1861 5
1862 6
1863 7
1864 8
1865 9
1866 10
1867 11
1868 12
1869 13
1870 14
1871 15
1872 0
1873 1
1874 2
1875 3
1876 4
1877 5
1878 6
1879 7
1880 8
1881 9
1882 10
1883 11
1884 12
1885 13
1886 14
1887 15
1888 0
1889 1
1890 2
1891 3
1892 4
1893 5
1894 6
1895 7
1896 8
1897 9
1898 10
1899 11
1900 12
1901 13
1902 14
1903 15
1904 0
1905 1
1906 2
1907 3
1908 4
1909 5
1910 6
1911 7
1912 8
1913 9
1914 10
1915 11
1916 12
1917 13
1918 14
1919 15
1920 0
1921 1
1922 2
1923 3
1924 4
1925 5
1926 6
1927 7
1928 8
1929 9
1930 10
1931 11
1932 12
1933 13
1934 14
1935 15
1936 0
1937 1
1938 2
1939 3
1940 4
1941 5
1942 6
1943 7
1944 8
1945 9
1946 10
1947 11
1948 12
1949 13
1950 14
1951 15
1952 0
1953 1
1954 2
1955 3
1956 4
1957 5
1958 6
1959 7
1960 8
1961 9
1962 10
1963 11
1964 12
1965 13
1966 14
1967 15
1968 0
1969 1
1970 2
1971 3
1972 4
1973 5
1974 6
1975 7
1976 8
1977 9
1978 10
1979 11
1980 12
1981 13
1982 14
1983 15
1984 0
1985 1
1986 2
1987 3
1988 4
1989 5
1990 6
1991 7
1992 8
1993 9
1994 10
1995 11
1996 12
1997 13
1998 14
1999 15
2000 0
2001 1
2002 2
2003 3
2004 4
2005 5
2006 6
2007 7
2008 8
2009 9
2010 10
2011 11
2012 12
2013 13
2014 14
2015 15
2016 0
2017 1
2018 2
2019 3
2020 4
2021 5
2022 6
2023 7
2024 8
2025 9
2026 10
2027 11
2028 12
2029 13
2030 14
2031 15
2032 0
2033 1
2034 2
2035 3
2036 4
2037 5
2038 6
2039 7
2040 8
2041 9
2042 10
2043 11
2044 12
2045 13
2046 14
2047 15
2048 0
2049 1
2050 2
2051 3
2052 4
2053 5
2054 6
2055 7
2056 8
2057 9
2058 10
2059 11
2060 12
2061 13
2062 14
2063 15
2064 0
2065 1
2066 2
2067 3
2068 4
2069 5
2070 6
2071 7
2072 8
2073 9
2074 10
2075 11
2076 12
2077 13
2078 14
2079 15
2080 0
2081 1
2082 2
2083 3
2084 4
2085 5
2086 6
2087 7
2088 8
2089 9
2090 10
2091 11
2092 12
2093 13
2094 14
2095 15
2096 0
2097 1
2098 2
2099 3
2100 4
2101 5
2102 6
2103 7
2104 8
2105 9
2106 10
2107 11
2108 12
2109 13
2110 14
2111 15
2112 0
2113 1
2114 2
2115 3
2116 4
2117 5
2118 6
2119 7
2120 8
2121 9
2122 10
2123 11
2124 12
2125 13
2126 14
2127 15
2128 0
2129 1
2130 2
2131 3
2132 4
2133 5
2134 6
2135 7
2136 8
2137 9
2138 10
2139 11
2140 12
2141 13
2142 14
2143 15
2144 0
2145 1
2146 2
2147 3
2148 4
2149 5
2150 6
2151 7
2152 8
2153 9
2154 10
2155 11
2156 12
2157 13
2158 14
2159 15
2160 0
2161 1
2162 2
2163 3
2164 4
2165 5
2166 6
2167 7
2168 8
2169 9
2170 10
2171 11
2172 12
2173 13
2174 14
2175 15
2176 0
2177 1
2178 2
2179 3
2180 4
2181 5
2182 6
2183 7
2184 8
2185 9
2186 10
2187 11
2188 12
2189 13
2190 14
2191 15
2192 0
2193 1
2194 2
2195 3
2196 4
2197 5
2198 6
2199 7
2200 8
2201 9
2202 10
2203 11
2204 12
2205 13
2206 14
2207 15
2208 0
2209 1
2210 2
2211 3
2212 4
2213 5
2214 6
2215 7
2216 8
2217 9
2218 10
2219 11
2220 12
2221 13
2222 14
2223 15
2224 0
2225 1
2226 2
2227 3
2228 4
2229 5
2230 6
2231 7
2232 8
2233 9
2234 10
2235 11
2236 12
2237 13
2238 14
2239 15
2240 0
2241 1
2242 2
2243 3
2244 4
2245 5
2246 6
2247 7
2248 8
2249 9
2250 10
2251 11
2252 12
2253 13
2254 14
2255 15
2256 0
2257 1
2258 2
2259 3
2260 4
2261 5
2262 6
2263 7
2264 8
2265 9
2266 10
2267 11
2268 12
2269 13
2270 14
2271 15
2272 0
2273 1
2274 2
2275 3
2276 4
2277 5
2278 6
2279 7
2280 8
2281 9
2282 10
2283 11
2284 12
2285 13
2286 14
2287 15
2288 0
2289 1
2290 2
2291 3
2292 4
2293 5
2294 6
2295 7
2296 8
2297 9
2298 10
2299 11
2300 12
2301 13
2302 14
2303 15
2304 0
2305 1
2306 2
2307 3
2308 4
2309 5
2310 6
2311 7
2312 8
2313 9
2314 10
2315 11
2316 12
2317 13
2318 14
2319 15
2320 0
2321 1
2322 2
2323 3
2324 4
2325 5
2326 6
2327 7
2328 8
2329 9
2330 10
2331 11
2332 12
2333 13
2334 14
2335 15
2336 0
2337 1
2338 2
2339 3
2340 4
2341 5
2342 6
2343 7
2344 8
2345 9
2346 10
2347 11
2348 12
2349 13
2350 14
2351 15
2352 0
2353 1
2354 2
2355 3
2356 4
2357 5
2358 6
2359 7
2360 8
2361 9
2362 10
2363 11
2364 12
2365 13
2366 14
2367 15
2368 0
2369 1
2370 2
2371 3
2372 4
2373 5
2374 6
2375 7
2376 8
2377 9
2378 10
2379 11
2380 12
2381 13
2382 14
2383 15
2384 0
2385 1
2386 2
2387 3
2388 4
2389 5
2390 6
2391 7
2392 8
2393 9
2394 10
2395 11
2396 12
2397 13
2398 14
2399 15
2400 0
2401 1
2402 2
2403 3
2404 4
2405 5
2406 6
2407 7
2408 8
2409 9
2410 10
2411 11
2412 12
2413 13
2414 14
2415 15
2416 0
2417 1
2418 2
2419 3
2420 4
2421 5
2422 6
2423 7
2424 8
2425 9
2426 10
2427 11
2428 12
2429 13
2430 14
2431 15
2432 0
2433 1
2434 2
2435 3
2436 4
2437 5
2438 6
2439 7
2440 8
2441 9
2442 10
2443 11
2444 12
2445 13
2446 14
2447 15
2448 0
2449 1
2450 2
2451 3
2452 4
2453 5
2454 6
2455 7
2456 8
2457 9
2458 10
2459 11
2460 12
2461 13
2462 14
2463 15
2464 0
2465 1
2466 2
2467 3
2468 4
2469 5
2470 6
2471 7
2472 8
2473 9
2474 10
2475 11
2476 12
2477 13
2478 14
2479 15
2480 0
2481 1
2482 2
2483 3
2484 4
2485 5
2486 6
2487 7
2488 8
2489 9
2490 10
2491 11
2492 12
2493 13
2494 14
2495 15
2496 0
2497 1
2498 2
2499 3
2500 4
2501 5
2502 6
2503 7
2504 8
2505 9
2506 10
2507 11
2508 12
2509 13
2510 14
2511 15
2512 0
2513 1
2514 2
2515 3
2516 4
2517 5
2518 6
2519 7
2520 8
2521 9
2522 10
2523 11
2524 12
2525 13
2526 14
2527 15
2528 0
2529 1
2530 2
2531 3
2532 4
2533 5
2534 6
2535 7
2536 8
2537 9
2538 10
2539 11
2540 12
2541 13
2542 14
2543 15
2544 0
2545 1
2546 2
2547 3
2548 4
2549 5
2550 6
2551 7
2552 8
2553 9
2554 10
2555 11
2556 12
2557 13
2558 14
2559 15
2560 0
2561 1
2562 2
2563 3
2564 4
2565 5
2566 6
2567 7
2568 8
2569 9
2570 10
2571 11
2572 12
2573 13
2574 14
2575 15
2576 0
2577 1
2578 2
2579 3
2580 4
2581 5
2582 6
2583 7
2584 8
2585 9
2586 10
2587 11
2588 12
2589 13
2590 14
2591 15
2592 0
2593 1
2594 2
2595 3
2596 4
2597 5
2598 6
2599 7
2600 8
2601 9
2602 10
2603 11
2604 12
2605 13
2606 14
2607 15
2608 0
2609 1
2610 2
2611 3
2612 4
2613 5
2614 6
2615 7
2616 8
2617 9
2618 10
2619 11
2620 12
2621 13
2622 14
2623 15
2624 0
2625 1
2626 2
2627 3
2628 4
2629 5
2630 6
2631 7
2632 8
2633 9
2634 10
2635 11
2636 12
2637 13
2638 14
2639 15
2640 0
2641 1
2642 2
2643 3
2644 4
2645 5
2646 6
2647 7
2648 8
2649 9
2650 10
2651 11
2652 12
2653 13
2654 14
2655 15
2656 0
2657 1
2658 2
2659 3
2660 4
2661 5
2662 6
2663 7
2664 8
2665 9
2666 10
2667 11
2668 12
2669 13
2670 14
2671 15
2672 0
2673 1
2674 2
2675 3
2676 4
2677 5
2678 6
2679 7
2680 8
2681 9
2682 10
2683 11
2684 12
2685 13
2686 14
2687 15
2688 0
2689 1
2690 2
2691 3
2692 4
2693 5
2694 6
2695 7
2696 8
2697 9
2698 10
2699 11
2700 12
2701 13
2702 14
2703 15
2704 0
2705 1
2706 2
2707 3
2708 4
2709 5
2710 6
2711 7
2712 8
2713 9
2714 10
2715 11
2716 12
2717 13
2718 14
2719 15
2720 0
2721 1
2722 2
2723 3
2724 4
2725 5
2726 6
2727 7
2728 8
2729 9
2730 10
2731 11
2732 12
2733 13
2734 14
2735 15
2736 0
2737 1
2738 2
2739 3
2740 4
2741 5
2742 6
2743 7
2744 8
2745 9
2746 10
2747 11
2748 12
2749 13
2750 14
2751 15
2752 0
2753 1
2754 2
2755 3
2756 4
2757 5
2758 6
2759 7
2760 8
2761 9
2762 10
2763 11
2764 12
2765 13
2766 14
2767 15
2768 0
2769 1
2770 2
2771 3
2772 4
2773 5
2774 6
2775 7
2776 8
2777 9
2778 10
2779 11
2780 12
2781 13
2782 14
2783 15
2784 0
2785 1
2786 2
2787 3
2788 4
2789 5
2790 6
2791 7
2792 8
2793 9
2794 10
2795 11
2796 12
2797 13
2798 14
2799 15
2800 0
2801 1
2802 2
2803 3
2804 4
2805 5
2806 6
2807 7
2808 8
2809 9
2810 10
2811 11
2812 12
2813 13
2814 14
2815 15
2816 0
2817 1
2818 2
2819 3
2820 4
2821 5
2822 6
2823 7
2824 8
2825 9
2826 10
2827 11
2828 12
2829 13
2830 14
2831 15
2832 0
2833 1
2834 2
2835 3
2836 4
2837 5
2838 6
2839 7
2840 8
2841 9
2842 10
2843 11
2844 12
2845 13
2846 14
2847 15
2848 0
2849 1
2850 2
2851 3
2852 4
2853 5
2854 6
2855 7
2856 8
2857 9
2858 10
2859 11
2860 12
2861 13
2862 14
2863 15
2864 0
2865 1
2866 2
2867 3
2868 4
2869 5
2870 6
2871 7
2872 8
2873 9
2874 10
2875 11
2876 12
2877 13
2878 14
2879 15
2880 0
2881 1
2882 2
2883 3
2884 4
2885 5
2886 6
2887 7
2888 8
2889 9
2890 10
2891 11
2892 12
2893 13
2894 14
2895 15
2896 0
2897 1
2898 2
2899 3
2900 4
2901 5
2902 6
2903 7
2904 8
2905 9
2906 10
2907 11
2908 12
2909 13
2910 14
2911 15
2912 0
2913 1
2914 2
2915 3
2916 4
2917 5
2918 6
2919 7
2920 8
2921 9
2922 10
2923 11
2924 12
2925 13
2926 14
2927 15
2928 0
2929 1
2930 2
2931 3
2932 4
2933 5
2934 6
2935 7
2936 8
2937 9
2938 10
2939 11
2940 12
2941 13
2942 14
2943 15
2944 0
2945 1
2946 2
2947 3
2948 4
2949 5
2950 6
2951 7
2952 8
2953 9
2954 10
2955 11
2956 12
2957 13
2958 14
2959 15
2960 0
2961 1
2962 2
2963 3
2964 4
2965 5
2966 6
2967 7
2968 8
2969 9
2970 10
2971 11
2972 12
2973 13
2974 14
2975 15
2976 0
2977 1
2978 2
2979 3
2980 4
2981 5
2982 6
2983 7
2984 8
2985 9
2986 10
2987 11
2988 12
2989 13
2990 14
2991 15
2992 0
2993 1
2994 2
2995 3
2996 4
2997 5
2998 6
2999 7
3000 8
3001 9
3002 10
3003 11
3004 12
3005 13
3006 14
3007 15
3008 0
3009 1
3010 2
3011 3
3012 4
3013 5
3014 6
3015 7
3016 8
3017 9
3018 10
3019 11
3020 12
3021 13
3022 14
3023 15
3024 0
3025 1
3026 2
3027 3
3028 4
3029 5
3030 6
3031 7
3032 8
3033 9
3034 10
3035 11
3036 12
3037 13
3038 14
3039 15
3040 0
3041 1
3042 2
3043 3
3044 4
3045 5
3046 6
3047 7
3048 8
3049 9
3050 10
3051 11
3052 12
3053 13
3054 14
3055 15
3056 0
3057 1
3058 2
3059 3
3060 4
3061 5
3062 6
3063 7
3064 8
3065 9
3066 10
3067 11
3068 12
3069 13
3070 14
3071 15
3072 0
3073 1
3074 2
3075 3
3076 4
3077 5
3078 6
3079 7
3080 8
3081 9
3082 10
3083 11
3084 12
3085 13
3086 14
3087 15
3088 0
3089 1
3090 2
3091 3
3092 4
3093 5
3094 6
3095 7
3096 8
3097 9
3098 10
3099 11
3100 12
3101 13
3102 14
3103 15
3104 0
3105 1
3106 2
3107 3
3108 4
3109 5
3110 6
3111 7
3112 8
3113 9
3114 10
3115 11
3116 12
3117 13
3118 14
3119 15
3120 0
3121 1
3122 2
3123 3
3124 4
3125 5
3126 6
3127 7
3128 8
3129 9
3130 10
3131 11
3132 12
3133 13
3134 14
3135 15
3136 0
3137 1
3138 2
3139 3
3140 4
3141 5
3142 6
3143 7
3144 8
3145 9
3146 10
3147 11
3148 12
3149 13
3150 14
3151 15
3152 0
3153 1
3154 2
3155 3
3156 4
3157 5
3158 6
3159 7
3160 8
3161 9
3162 10
3163 11
3164 12
3165 13
3166 14
3167 15
3168 0
3169 1
3170 2
3171 3
3172 4
3173 5
3174 6
3175 7
3176 8
3177 9
3178 10
3179 11
3180 12
3181 13
3182 14
3183 15
3184 0
3185 1
3186 2
3187 3
3188 4
3189 5
3190 6
3191 7
3192 8
3193 9
3194 10
3195 11
3196 12
3197 13
3198 14
3199 15
/gpfs/cfel/group/cxi/scratch/2021/ESRF-2024-Meents-Mar-ID09/RAW_DATA/darks/20240306_180458_darks_sc_6.8us_0.0us_d0_f0_1.h5
0 15
1 0
2 15
3 0
4 15
5 0
6 15
7 0
8 15
9 0
10 15
11 0
12 15
13 0
14 15
15 0
16 15
17 0
18 15
19 0
20 15
21 0
22 15
23 0
24 15
25 0
26 15
27 0
28 15
29 0
30 15
31 0
32 15
33 0
34 15
35 0
36 15
37 0
38 15
39 0
40 15
41 0
42 15
43 0
44 15
45 0
46 15
47 0
48 15
49 0
50 15
51 0
52 15
53 0
54 15
55 0
56 15
57 0
58 15
59 0
60 15
61 0
62 15
63 0
64 15
65 0
66 15
67 0
68 15
69 0
70 15
71 0
72 15
73 0
74 15
75 0
76 15
77 0
78 15
79 0
80 15
81 0
82 15
83 0
84 15
85 0
86 15
87 0
88 15
89 0
90 15
91 0
92 15
93 0
94 15
95 0
96 15
97 0
98 15
99 0
100 15
101 0
102 15
103 0
104 15
105 0
106 15
107 0
108 15
109 0
110 15
111 0
112 15
113 0
114 15
115 0
116 15
117 0
118 15
119 0
120 15
121 0
122 15
123 0
124 15
125 0
126 15
127 0
128 15
129 0
130 15
131 0
132 15
133 0
134 15
135 0
136 15
137 0
138 15
139 0
140 15
141 0
142 15
143 0
144 15
145 0
146 15
147 0
148 15
149 0
150 15
151 0
152 15
153 0
154 15
155 0
156 15
157 0
158 15
159 0
160 15
161 0
162 15
163 0
164 15
165 0
166 15
167 0
168 15
169 0
170 15
171 0
172 15
173 0
174 15
175 0
176 15
177 0
178 15
179 0
180 15
181 0
182 15
183 0
184 15
185 0
186 15
187 0
188 15
189 0
190 15
191 0
192 15
193 0
194 15
195 0
196 15
197 0
198 15
199 0
200 0
201 1
202 0
203 1
204 0
205 1
206 0
207 1
208 0
209 1
210 0
211 1
212 0
213 1
214 0
215 1
216 0
217 1
218 0
219 1
220 0
221 1
222 0
223 1
224 0
225 1
226 0
227 1
228 0
229 1
230 0
231 1
232 0
233 1
234 0
235 1
236 0
237 1
238 0
239 1
240 0
241 1
242 0
243 1
244 0
245 1
246 0
247 1
248 0
249 1
250 0
251 1
252 0
253 1
254 0
255 1
256 0
257 1
258 0
259 1
260 0
261 1
262 0
263 1
264 0
265 1
266 0
267 1
268 0
269 1
270 0
271 1
272 0
273 1
274 0
275 1
276 0
277 1
278 0
279 1
280 0
281 1
282 0
283 1
284 0
285 1
286 0
287 1
288 0
289 1
290 0
291 1
292 0
293 1
294 0
295 1
296 0
297 1
298 0
299 1
300 0
301 1
302 0
303 1
304 0
305 1
306 0
307 1
308 0
309 1
310 0
311 1
312 0
313 1
314 0
315 1
316 0
317 1
318 0
319 1
320 0
321 1
322 0
323 1
324 0
325 1
326 0
327 1
328 0
329 1
330 0
331 1
332 0
333 1
334 0
335 1
336 0
337 1
338 0
339 1
340 0
341 1
342 0
343 1
344 0
345 1
346 0
347 1
348 0
349 1
350 0
351 1
352 0
353 1
354 0
355 1
356 0
357 1
358 0
359 1
360 0
361 1
362 0
363 1
364 0
365 1
366 0
367 1
368 0
369 1
370 0
371 1
372 0
373 1
374 0
375 1
376 0
377 1
378 0
379 1
380 0
381 1
382 0
383 1
384 0
385 1
386 0
387 1
388 0
389 1
390 0
391 1
392 0
393 1
394 0
395 1
396 0
397 1
398 0
399 1
400 1
401 2
402 1
403 2
404 1
405 2
406 1
407 2
408 1
409 2
410 1
411 2
412 1
413 2
414 1
415 2
416 1
417 2
418 1
419 2
420 1
421 2
422 1
423 2
424 1
425 2
426 1
427 2
428 1
429 2
430 1
431 2
432 1
433 2
434 1
435 2
436 1
437 2
438 1
439 2
440 1
441 2
442 1
443 2
444 1
445 2
446 1
447 2
448 1
449 2
450 1
451 2
452 1
453 2
454 1
455 2
456 1
457 2
458 1
459 2
460 1
461 2
462 1
463 2
464 1
465 2
466 1
467 2
468 1
469 2
470 1
471 2
472 1
473 2
474 1
475 2
476 1
477 2
478 1
479 2
480 1
481 2
482 1
483 2
484 1
485 2
486 1
487 2
488 1
489 2
490 1
491 2
492 1
493 2
494 1
495 2
496 1
497 2
498 1
499 2
500 1
501 2
502 1
503 2
504 1
505 2
506 1
507 2
508 1
509 2
510 1
511 2
512 1
513 2
514 1
515 2
516 1
517 2
518 1
519 2
520 1
521 2
522 1
523 2
524 1
525 2
526 1
527 2
528 1
529 2
530 1
531 2
532 1
533 2
534 1
535 2
536 1
537 2
538 1
539 2
540 1
541 2
542 1
543 2
544 1
545 2
546 1
547 2
548 1
549 2
550 1
551 2
552 1
553 2
554 1
555 2
556 1
557 2
558 1
559 2
560 1
561 2
562 1
563 2
564 1
565 2
566 1
567 2
568 1
569 2
570 1
571 2
572 1
573 2
574 1
575 2
576 1
577 2
578 1
579 2
580 1
581 2
582 1
583 2
584 1
585 2
586 1
587 2
588 1
589 2
590 1
591 2
592 1
593 2
594 1
595 2
596 1
597 2
598 1
599 2
600 2
601 3
602 2
603 3
604 2
605 3
606 2
607 3
608 2
609 3
610 2
611 3
612 2
613 3
614 2
615 3
616 2
617 3
618 2
619 3
620 2
621 3
622 2
623 3
624 2
625 3
626 2
627 3
628 2
629 3
630 2
631 3
632 2
633 3
634 2
635 3
636 2
637 3
638 2
639 3
640 2
641 3
642 2
643 3
644 2
645 3
646 2
647 3
648 2
649 3
650 2
651 3
652 2
653 3
654 2
655 3
656 2
657 3
658 2
659 3
660 2
661 3
662 2
663 3
664 2
665 3
666 2
667 3
668 2
669 3
670 2
671 3
672 2
673 3
674 2
675 3
676 2
677 3
678 2
679 3
680 2
681 3
682 2
683 3
684 2
685 3
686 2
687 3
688 2
689 3
690 2
691 3
692 2
693 3
694 2
695 3
696 2
697 3
698 2
699 3
700 2
701 3
702 2
703 3
704 2
705 3
706 2
707 3
708 2
709 3
710 2
711 3
712 2
713 3
714 2
715 3
716 2
717 3
718 2
719 3
720 2
721 3
722 2
723 3
724 2
725 3
726 2
727 3
728 2
729 3
730 2
731 3
732 2
733 3
734 2
735 3
736 2
737 3
738 2
739 3
740 2
741 3
742 2
743 3
744 2
745 3
746 2
747 3
748 2
749 3
750 2
751 3
752 2
753 3
754 2
755 3
756 2
757 3
758 2
759 3
760 2
761 3
762 2
763 3
764 2
765 3
766 2
767 3
768 2
769 3
770 2
771 3
772 2
773 3
774 2
775 3
776 2
777 3
778 2
779 3
780 2
781 3
782 2
783 3
784 2
785 3
786 2
787 3
788 2
789 3
790 2
791 3
792 2
793 3
794 2
795 3
796 2
797 3
798 2
799 3
800 3
801 4
802 3
803 4
804 3
805 4
806 3
807 4
808 3
809 4
810 3
811 4
812 3
813 4
814 3
815 4
816 3
817 4
818 3
819 4
820 3
821 4
822 3
823 4
824 3
825 4
826 3
827 4
828 3
829 4
830 3
831 4
832 3
833 4
834 3
835 4
836 3
837 4
838 3
839 4
840 3
841 4
842 3
843 4
844 3
845 4
846 3
847 4
848 3
849 4
850 3
851 4
852 3
853 4
854 3
855 4
856 3
857 4
858 3
859 4
860 3
861 4
862 3
863 4
864 3
865 4
866 3
867 4
868 3
869 4
870 3
871 4
872 3
873 4
874 3
875 4
876 3
877 4
878 3
879 4
880 3
881 4
882 3
883 4
884 3
885 4
886 3
887 4
888 3
889 4
890 3
891 4
892 3
893 4
894 3
895 4
896 3
897 4
898 3
899 4
900 3
901 4
902 3
903 4
904 3
905 4
906 3
907 4
908 3
909 4
910 3
911 4
912 3
913 4
914 3
915 4
916 3
917 4
918 3
919 4
920 3
921 4
922 3
923 4
924 3
925 4
926 3
927 4
928 3
929 4
930 3
931 4
932 3
933 4
934 3
935 4
936 3
937 4
938 3
939 4
940 3
941 4
942 3
943 4
944 3
945 4
946 3
947 4
948 3
949 4
950 3
951 4
952 3
953 4
954 3
955 4
956 3
957 4
958 3
959 4
960 3
961 4
962 3
963 4
964 3
965 4
966 3
967 4
968 3
969 4
970 3
971 4
972 3
973 4
974 3
975 4
976 3
977 4
978 3
979 4
980 3
981 4
982 3
983 4
984 3
985 4
986 3
987 4
988 3
989 4
990 3
991 4
992 3
993 4
994 3
995 4
996 3
997 4
998 3
999 4
1000 4
1001 5
1002 4
1003 5
1004 4
1005 5
1006 4
1007 5
1008 4
1009 5
1010 4
1011 5
1012 4
1013 5
1014 4
1015 5
1016 4
1017 5
1018 4
1019 5
1020 4
1021 5
1022 4
1023 5
1024 4
1025 5
1026 4
1027 5
1028 4
1029 5
1030 4
1031 5
1032 4
1033 5
1034 4
1035 5
1036 4
1037 5
1038 4
1039 5
1040 4
1041 5
1042 4
1043 5
1044 4
1045 5
1046 4
1047 5
1048 4
1049 5
1050 4
1051 5
1052 4
1053 5
1054 4
1055 5
1056 4
1057 5
1058 4
1059 5
1060 4
1061 5
1062 4
1063 5
1064 4
1065 5
1066 4
1067 5
1068 4
1069 5
1070 4
1071 5
1072 4
1073 5
1074 4
1075 5
1076 4
1077 5
1078 4
1079 5
1080 4
1081 5
1082 4
1083 5
1084 4
1085 5
1086 4
1087 5
1088 4
1089 5
1090 4
1091 5
1092 4
1093 5
1094 4
1095 5
1096 4
1097 5
1098 4
1099 5
1100 4
1101 5
1102 4
1103 5
1104 4
1105 5
1106 4
1107 5
1108 4
1109 5
1110 4
1111 5
1112 4
1113 5
1114 4
1115 5
1116 4
1117 5
1118 4
1119 5
1120 4
1121 5
1122 4
1123 5
1124 4
1125 5
1126 4
1127 5
1128 4
1129 5
1130 4
1131 5
1132 4
1133 5
1134 4
1135 5
1136 4
1137 5
1138 4
1139 5
1140 4
1141 5
1142 4
1143 5
1144 4
1145 5
1146 4
1147 5
1148 4
1149 5
1150 4
1151 5
1152 4
1153 5
1154 4
1155 5
1156 4
1157 5
1158 4
1159 5
1160 4
1161 5
1162 4
1163 5
1164 4
1165 5
1166 4
1167 5
1168 4
1169 5
1170 4
1171 5
1172 4
1173 5
1174 4
1175 5
1176 4
1177 5
1178 4
1179 5
1180 4
1181 5
1182 4
1183 5
1184 4
1185 5
1186 4
1187 5
1188 4
1189 5
1190 4
1191 5
1192 4
1193 5
1194 4
1195 5
1196 4
1197 5
1198 4
1199 5
1200 5
1201 6
1202 5
1203 6
1204 5
1205 6
1206 5
1207 6
1208 5
1209 6
1210 5
1211 6
1212 5
1213 6
1214 5
1215 6
1216 5
1217 6
1218 5
1219 6
1220 5
1221 6
1222 5
1223 6
1224 5
1225 6
1226 5
1227 6
1228 5
1229 6
1230 5
1231 6
1232 5
1233 6
1234 5
1235 6
1236 5
1237 6
1238 5
1239 6
1240 5
1241 6
1242 5
1243 6
1244 5
1245 6
1246 5
1247 6
1248 5
1249 6
1250 5
1251 6
1252 5
1253 6
1254 5
1255 6
1256 5
1257 6
1258 5
1259 6
1260 5
1261 6
1262 5
1263 6
1264 5
1265 6
1266 5
1267 6
1268 5
1269 6
1270 5
1271 6
1272 5
1273 6
1274 5
1275 6
1276 5
1277 6
1278 5
1279 6
1280 5
1281 6
1282 5
1283 6
1284 5
1285 6
1286 5
1287 6
1288 5
1289 6
1290 5
1291 6
1292 5
1293 6
1294 5
1295 6
1296 5
1297 6
1298 5
1299 6
1300 5
1301 6
1302 5
1303 6
1304 5
1305 6
1306 5
1307 6
1308 5
1309 6
1310 5
1311 6
1312 5
1313 6
1314 5
1315 6
1316 5
1317 6
1318 5
1319 6
1320 5
1321 6
1322 5
1323 6
1324 5
1325 6
1326 5
1327 6
1328 5
1329 6
1330 5
1331 6
1332 5
1333 6
1334 5
1335 6
1336 5
1337 6
1338 5
1339 6
1340 5
1341 6
1342 5
1343 6
1344 5
1345 6
1346 5
1347 6
1348 5
1349 6
1350 5
1351 6
1352 5
1353 6
1354 5
1355 6
1356 5
1357 6
1358 5
1359 6
1360 5
1361 6
1362 5
1363 6
1364 5
1365 6
1366 5
1367 6
1368 5
1369 6
1370 5
1371 6
1372 5
1373 6
1374 5
1375 6
1376 5
1377 6
1378 5
1379 6
1380 5
1381 6
1382 5
1383 6
1384 5
1385 6
1386 5
1387 6
1388 5
1389 6
1390 5
1391 6
1392 5
1393 6
1394 5
1395 6
1396 5
1397 6
1398 5
1399 6
1400 6
1401 7
1402 6
1403 7
1404 6
1405 7
1406 6
1407 7
1408 6
1409 7
1410 6
1411 7
1412 6
1413 7
1414 6
1415 7
1416 6
1417 7
1418 6
1419 7
1420 6
1421 7
1422 6
1423 7
1424 6
1425 7
1426 6
1427 7
1428 6
1429 7
1430 6
1431 7
1432 6
1433 7
1434 6
1435 7
1436 6
1437 7
1438 6
1439 7
1440 6
1441 7
1442 6
1443 7
1444 6
1445 7
1446 6
1447 7
1448 6
1449 7
1450 6
1451 7
1452 6
1453 7
1454 6
1455 7
1456 6
1457 7
1458 6
1459 7
1460 6
1461 7
1462 6
1463 7
1464 6
1465 7
1466 6
1467 7
1468 6
1469 7
1470 6
1471 7
1472 6
1473 7
1474 6
1475 7
1476 6
1477 7
1478 6
1479 7
1480 6
1481 7
1482 6
1483 7
1484 6
1485 7
1486 6
1487 7
1488 6
1489 7
1490 6
1491 7
1492 6
1493 7
1494 6
1495 7
1496 6
1497 7
1498 6
1499 7
1500 6
1501 7
1502 6
1503 7
1504 6
1505 7
1506 6
1507 7
1508 6
1509 7
1510 6
1511 7
1512 6
1513 7
1514 6
1515 7
1516 6
1517 7
1518 6
1519 7
1520 6
1521 7
1522 6
1523 7
1524 6
1525 7
1526 6
1527 7
1528 6
1529 7
1530 6
1531 7
1532 6
1533 7
1534 6
1535 7
1536 6
1537 7
1538 6
1539 7
1540 6
1541 7
1542 6
1543 7
1544 6
1545 7
1546 6
1547 7
1548 6
1549 7
1550 6
1551 7
1552 6
1553 7
1554 6
1555 7
1556 6
1557 7
1558 6
1559 7
1560 6
1561 7
1562 6
1563 7
1564 6
1565 7
1566 6
1567 7
1568 6
1569 7
1570 6
1571 7
1572 6
1573 7
1574 6
1575 7
1576 6
1577 7
1578 6
1579 7
1580 6
1581 7
1582 6
1583 7
1584 6
1585 7
1586 6
1587 7
1588 6
1589 7
1590 6
1591 7
1592 6
1593 7
1594 6
1595 7
1596 6
1597 7
1598 6
1599 7
1600 7
1601 8
1602 7
1603 8
1604 7
1605 8
1606 7
1607 8
1608 7
1609 8
1610 7
1611 8
1612 7
1613 8
1614 7
1615 8
1616 7
1617 8
1618 7
1619 8
1620 7
1621 8
1622 7
1623 8
1624 7
1625 8
1626 7
1627 8
1628 7
1629 8
1630 7
1631 8
1632 7
1633 8
1634 7
1635 8
1636 7
1637 8
1638 7
1639 8
1640 7
1641 8
1642 7
1643 8
1644 7
1645 8
1646 7
1647 8
1648 7
1649 8
1650 7
1651 8
1652 7
1653 8
1654 7
1655 8
1656 7
1657 8
1658 7
1659 8
1660 7
1661 8
1662 7
1663 8
1664 7
1665 8
1666 7
1667 8
1668 7
1669 8
1670 7
1671 8
1672 7
1673 8
1674 7
1675 8
1676 7
1677 8
1678 7
1679 8
1680 7
1681 8
1682 7
1683 8
1684 7
1685 8
1686 7
1687 8
1688 7
1689 8
1690 7
1691 8
1692 7
1693 8
1694 7
1695 8
1696 7
1697 8
1698 7
1699 8
1700 7
1701 8
1702 7
1703 8
1704 7
1705 8
1706 7
1707 8
1708 7
1709 8
1710 7
1711 8
1712 7
1713 8
1714 7
1715 8
1716 7
1717 8
1718 7
1719 8
1720 7
1721 8
1722 7
1723 8
1724 7
1725 8
1726 7
1727 8
1728 7
1729 8
1730 7
1731 8
1732 7
1733 8
1734 7
1735 8
1736 7
1737 8
1738 7
1739 8
1740 7
1741 8
1742 7
1743 8
1744 7
1745 8
1746 7
1747 8
1748 7
1749 8
1750 7
1751 8
1752 7
1753 8
1754 7
1755 8
1756 7
1757 8
1758 7
1759 8
1760 7
1761 8
1762 7
1763 8
1764 7
1765 8
1766 7
1767 8
1768 7
1769 8
1770 7
1771 8
1772 7
1773 8
1774 7
1775 8
1776 7
1777 8
1778 7
1779 8
1780 7
1781 8
1782 7
1783 8
1784 7
1785 8
1786 7
1787 8
1788 7
1789 8
1790 7
1791 8
1792 7
1793 8
1794 7
1795 8
1796 7
1797 8
1798 7
1799 8
1800 8
1801 9
1802 8
1803 9
1804 8
1805 9
1806 8
1807 9
1808 8
1809 9
1810 8
1811 9
1812 8
1813 9
1814 8
1815 9
1816 8
1817 9
1818 8
1819 9
1820 8
1821 9
1822 8
1823 9
1824 8
1825 9
1826 8
1827 9
1828 8
1829 9
1830 8
1831 9
1832 8
1833 9
1834 8
1835 9
1836 8
1837 9
1838 8
1839 9
1840 8
1841 9
1842 8
1843 9
1844 8
1845 9
1846 8
1847 9
1848 8
1849 9
1850 8
1851 9
1852 8
1853 9
1854 8
1855 9
1856 8
1857 9
1858 8
1859 9
1860 8
1861 9
1862 8
1863 9
1864 8
1865 9
1866 8
1867 9
1868 8
1869 9
1870 8
1871 9
1872 8
1873 9
1874 8
1875 9
1876 8
1877 9
1878 8
1879 9
1880 8
1881 9
1882 8
1883 9
1884 8
1885 9
1886 8
1887 9
1888 8
1889 9
1890 8
1891 9
1892 8
1893 9
1894 8
1895 9
1896 8
1897 9
1898 8
1899 9
1900 8
1901 9
1902 8
1903 9
1904 8
1905 9
1906 8
1907 9
1908 8
1909 9
1910 8
1911 9
1912 8
1913 9
1914 8
1915 9
1916 8
1917 9
1918 8
1919 9
1920 8
1921 9
1922 8
1923 9
1924 8
1925 9
1926 8
1927 9
1928 8
1929 9
1930 8
1931 9
1932 8
1933 9
1934 8
1935 9
1936 8
1937 9
1938 8
1939 9
1940 8
1941 9
1942 8
1943 9
1944 8
1945 9
1946 8
1947 9
1948 8
1949 9
1950 8
1951 9
1952 8
1953 9
1954 8
1955 9
1956 8
1957 9
1958 8
1959 9
1960 8
1961 9
1962 8
1963 9
1964 8
1965 9
1966 8
1967 9
1968 8
1969 9
1970 8
1971 9
1972 8
1973 9
1974 8
1975 9
1976 8
1977 9
1978 8
1979 9
1980 8
1981 9
1982 8
1983 9
1984 8
1985 9
1986 8
1987 9
1988 8
1989 9
1990 8
1991 9
1992 8
1993 9
1994 8
1995 9
1996 8
1997 9
1998 8
1999 9
2000 9
2001 10
2002 9
2003 10
2004 9
2005 10
2006 9
2007 10
2008 9
2009 10
2010 9
2011 10
2012 9
2013 10
2014 9
2015 10
2016 9
2017 10
2018 9
2019 10
2020 9
2021 10
2022 9
2023 10
2024 9
2025 10
2026 9
2027 10
2028 9
2029 10
2030 9
2031 10
2032 9
2033 10
2034 9
2035 10
2036 9
2037 10
2038 9
2039 10
2040 9
2041 10
2042 9
2043 10
2044 9
2045 10
2046 9
2047 10
2048 9
2049 10
2050 9
2051 10
2052 9
2053 10
2054 9
2055 10
2056 9
2057 10
2058 9
2059 10
2060 9
2061 10
2062 9
2063 10
2064 9
2065 10
2066 9
2067 10
2068 9
2069 10
2070 9
2071 10
2072 9
2073 10
2074 9
2075 10
2076 9
2077 10
2078 9
2079 10
2080 9
2081 10
2082 9
2083 10
2084 9
2085 10
2086 9
2087 10
2088 9
2089 10
2090 9
2091 10
2092 9
2093 10
2094 9
2095 10
2096 9
2097 10
2098 9
2099 10
2100 9
2101 10
2102 9
2103 10
2104 9
2105 10
2106 9
2107 10
2108 9
2109 10
2110 9
2111 10
2112 9
2113 10
2114 9
2115 10
2116 9
2117 10
2118 9
2119 10
2120 9
2121 10
2122 9
2123 10
2124 9
2125 10
2126 9
2127 10
2128 9
2129 10
2130 9
2131 10
2132 9
2133 10
2134 9
2135 10
2136 9
2137 10
2138 9
2139 10
2140 9
2141 10
2142 9
2143 10
2144 9
2145 10
2146 9
2147 10
2148 9
2149 10
2150 9
2151 10
2152 9
2153 10
2154 9
2155 10
2156 9
2157 10
2158 9
2159 10
2160 9
2161 10
2162 9
2163 10
2164 9
2165 10
2166 9
2167 10
2168 9
2169 10
2170 9
2171 10
2172 9
2173 10
2174 9
2175 10
2176 9
2177 10
2178 9
2179 10
2180 9
2181 10
2182 9
2183 10
2184 9
2185 10
2186 9
2187 10
2188 9
2189 10
2190 9
2191 10
2192 9
2193 10
2194 9
2195 10
2196 9
2197 10
2198 9
2199 10
2200 10
2201 11
2202 10
2203 11
2204 10
2205 11
2206 10
2207 11
2208 10
2209 11
2210 10
2211 11
2212 10
2213 11
2214 10
2215 11
2216 10
2217 11
2218 10
2219 11
2220 10
2221 11
2222 10
2223 11
2224 10
2225 11
2226 10
2227 11
2228 10
2229 11
2230 10
2231 11
2232 10
2233 11
2234 10
2235 11
2236 10
2237 11
2238 10
2239 11
2240 10
2241 11
2242 10
2243 11
2244 10
2245 11
2246 10
2247 11
2248 10
2249 11
2250 10
2251 11
2252 10
2253 11
2254 10
2255 11
2256 10
2257 11
2258 10
2259 11
2260 10
2261 11
2262 10
2263 11
2264 10
2265 11
2266 10
2267 11
2268 10
2269 11
2270 10
2271 11
2272 10
2273 11
2274 10
2275 11
2276 10
2277 11
2278 10
2279 11
2280 10
2281 11
2282 10
2283 11
2284 10
2285 11
2286 10
2287 11
2288 10
2289 11
2290 10
2291 11
2292 10
2293 11
2294 10
2295 11
2296 10
2297 11
2298 10
2299 11
2300 10
2301 11
2302 10
2303 11
2304 10
2305 11
2306 10
2307 11
2308 10
2309 11
2310 10
2311 11
2312 10
2313 11
2314 10
2315 11
2316 10
2317 11
2318 10
2319 11
2320 10
2321 11
2322 10
2323 11
2324 10
2325 11
2326 10
2327 11
2328 10
2329 11
2330 10
2331 11
2332 10
2333 11
2334 10
2335 11
2336 10
2337 11
2338 10
2339 11
2340 10
2341 11
2342 10
2343 11
2344 10
2345 11
2346 10
2347 11
2348 10
2349 11
2350 10
2351 11
2352 10
2353 11
2354 10
2355 11
2356 10
2357 11
2358 10
2359 11
2360 10
2361 11
2362 10
2363 11
2364 10
2365 11
2366 10
2367 11
2368 10
2369 11
2370 10
2371 11
2372 10
2373 11
2374 10
2375 11
2376 10
2377 11
2378 10
2379 11
2380 10
2381 11
2382 10
2383 11
2384 10
2385 11
2386 10
2387 11
2388 10
2389 11
2390 10
2391 11
2392 10
2393 11
2394 10
2395 11
2396 10
2397 11
2398 10
2399 11
2400 11
2401 12
2402 11
2403 12
2404 11
2405 12
2406 11
2407 12
2408 11
2409 12
2410 11
2411 12
2412 11
2413 12
2414 11
2415 12
2416 11
2417 12
2418 11
2419 12
2420 11
2421 12
2422 11
2423 12
2424 11
2425 12
2426 11
2427 12
2428 11
2429 12
2430 11
2431 12
2432 11
2433 12
2434 11
2435 12
2436 11
2437 12
2438 11
2439 12
2440 11
2441 12
2442 11
2443 12
2444 11
2445 12
2446 11
2447 12
2448 11
2449 12
2450 11
2451 12
2452 11
2453 12
2454 11
2455 12
2456 11
2457 12
2458 11
2459 12
2460 11
2461 12
2462 11
2463 12
2464 11
2465 12
2466 11
2467 12
2468 11
2469 12
2470 11
2471 12
2472 11
2473 12
2474 11
2475 12
2476 11
2477 12
2478 11
2479 12
2480 11
2481 12
2482 11
2483 12
2484 11
2485 12
2486 11
2487 12
2488 11
2489 12
2490 11
2491 12
2492 11
2493 12
2494 11
2495 12
2496 11
2497 12
2498 11
2499 12
2500 11
2501 12
2502 11
2503 12
2504 11
2505 12
2506 11
2507 12
2508 11
2509 12
2510 11
2511 12
2512 11
2513 12
2514 11
2515 12
2516 11
2517 12
2518 11
2519 12
2520 11
2521 12
2522 11
2523 12
2524 11
2525 12
2526 11
2527 12
2528 11
2529 12
2530 11
2531 12
2532 11
2533 12
2534 11
2535 12
2536 11
2537 12
2538 11
2539 12
2540 11
2541 12
2542 11
2543 12
2544 11
2545 12
2546 11
2547 12
2548 11
2549 12
2550 11
2551 12
2552 11
2553 12
2554 11
2555 12
2556 11
2557 12
2558 11
2559 12
2560 11
2561 12
2562 11
2563 12
2564 11
2565 12
2566 11
2567 12
2568 11
2569 12
2570 11
2571 12
2572 11
2573 12
2574 11
2575 12
2576 11
2577 12
2578 11
2579 12
2580 11
2581 12
2582 11
2583 12
2584 11
2585 12
2586 11
2587 12
2588 11
2589 12
2590 11
2591 12
2592 11
2593 12
2594 11
2595 12
2596 11
2597 12
2598 11
2599 12
2600 12
2601 13
2602 12
2603 13
2604 12
2605 13
2606 12
2607 13
2608 12
2609 13
2610 12
2611 13
2612 12
2613 13
2614 12
2615 13
2616 12
2617 13
2618 12
2619 13
2620 12
2621 13
2622 12
2623 13
2624 12
2625 13
2626 12
2627 13
2628 12
2629 13
2630 12
2631 13
2632 12
2633 13
2634 12
2635 13
2636 12
2637 13
2638 12
2639 13
2640 12
2641 13
2642 12
2643 13
2644 12
2645 13
2646 12
2647 13
2648 12
2649 13
2650 12
2651 13
2652 12
2653 13
2654 12
2655 13
2656 12
2657 13
2658 12
2659 13
2660 12
2661 13
2662 12
2663 13
2664 12
2665 13
2666 12
2667 13
2668 12
2669 13
2670 12
2671 13
2672 12
2673 13
2674 12
2675 13
2676 12
2677 13
2678 12
2679 13
2680 12
2681 13
2682 12
2683 13
2684 12
2685 13
2686 12
2687 13
2688 12
2689 13
2690 12
2691 13
2692 12
2693 13
2694 12
2695 13
2696 12
2697 13
2698 12
2699 13
2700 12
2701 13
2702 12
2703 13
2704 12
2705 13
2706 12
2707 13
2708 12
2709 13
2710 12
2711 13
2712 12
2713 13
2714 12
2715 13
2716 12
2717 13
2718 12
2719 13
2720 12
2721 13
2722 12
2723 13
2724 12
2725 13
2726 12
2727 13
2728 12
2729 13
2730 12
2731 13
2732 12
2733 13
2734 12
2735 13
2736 12
2737 13
2738 12
2739 13
2740 12
2741 13
2742 12
2743 13
2744 12
2745 13
2746 12
2747 13
2748 12
2749 13
2750 12
2751 13
2752 12
2753 13
2754 12
2755 13
2756 12
2757 13
2758 12
2759 13
2760 12
2761 13
2762 12
2763 13
2764 12
2765 13
2766 12
2767 13
2768 12
2769 13
2770 12
2771 13
2772 12
2773 13
2774 12
2775 13
2776 12
2777 13
2778 12
2779 13
2780 12
2781 13
2782 12
2783 13
2784 12
2785 13
2786 12
2787 13
2788 12
2789 13
2790 12
2791 13
2792 12
2793 13
2794 12
2795 13
2796 12
2797 13
2798 12
2799 13
2800 13
2801 14
2802 13
2803 14
2804 13
2805 14
2806 13
2807 14
2808 13
2809 14
2810 13
2811 14
2812 13
2813 14
2814 13
2815 14
2816 13
2817 14
2818 13
2819 14
2820 13
2821 14
2822 13
2823 14
2824 13
2825 14
2826 13
2827 14
2828 13
2829 14
2830 13
2831 14
2832 13
2833 14
2834 13
2835 14
2836 13
2837 14
2838 13
2839 14
2840 13
2841 14
2842 13
2843 14
2844 13
2845 14
2846 13
2847 14
2848 13
2849 14
2850 13
2851 14
2852 13
2853 14
2854 13
2855 14
2856 13
2857 14
2858 13
2859 14
2860 13
2861 14
2862 13
2863 14
2864 13
2865 14
2866 13
2867 14
2868 13
2869 14
2870 13
2871 14
2872 13
2873 14
2874 13
2875 14
2876 13
2877 14
2878 13
2879 14
2880 13
2881 14
2882 13
2883 14
2884 13
2885 14
2886 13
2887 14
2888 13
2889 14
2890 13
2891 14
2892 13
2893 14
2894 13
2895 14
2896 13
2897 14
2898 13
2899 14
2900 13
2901 14
2902 13
2903 14
2904 13
2905 14
2906 13
2907 14
2908 13
2909 14
2910 13
2911 14
2912 13
2913 14
2914 13
2915 14
2916 13
2917 14
2918 13
2919 14
2920 13
2921 14
2922 13
2923 14
2924 13
2925 14
2926 13
2927 14
2928 13
2929 14
2930 13
2931 14
2932 13
2933 14
2934 13
2935 14
2936 13
2937 14
2938 13
2939 14
2940 13
2941 14
2942 13
2943 14
2944 13
2945 14
2946 13
2947 14
2948 13
2949 14
2950 13
2951 14
2952 13
2953 14
2954 13
2955 14
2956 13
2957 14
2958 13
2959 14
2960 13
2961 14
2962 13
2963 14
2964 13
2965 14
2966 13
2967 14
2968 13
2969 14
2970 13
2971 14
2972 13
2973 14
2974 13
2975 14
2976 13
2977 14
2978 13
2979 14
2980 13
2981 14
2982 13
2983 14
2984 13
2985 14
2986 13
2987 14
2988 13
2989 14
2990 13
2991 14
2992 13
2993 14
2994 13
2995 14
2996 13
2997 14
2998 13
2999 14
3000 14
3001 15
3002 14
3003 15
3004 14
3005 15
3006 14
3007 15
3008 14
3009 15
3010 14
3011 15
3012 14
3013 15
3014 14
3015 15
3016 14
3017 15
3018 14
3019 15
3020 14
3021 15
3022 14
3023 15
3024 14
3025 15
3026 14
3027 15
3028 14
3029 15
3030 14
3031 15
3032 14
3033 15
3034 14
3035 15
3036 14
3037 15
3038 14
3039 15
3040 14
3041 15
3042 14
3043 15
3044 14
3045 15
3046 14
3047 15
3048 14
3049 15
3050 14
3051 15
3052 14
3053 15
3054 14
3055 15
3056 14
3057 15
3058 14
3059 15
3060 14
3061 15
3062 14
3063 15
3064 14
3065 15
3066 14
3067 15
3068 14
3069 15
3070 14
3071 15
3072 14
3073 15
3074 14
3075 15
3076 14
3077 15
3078 14
3079 15
3080 14
3081 15
3082 14
3083 15
3084 14
3085 15
3086 14
3087 15
3088 14
3089 15
3090 14
3091 15
3092 14
3093 15
3094 14
3095 15
3096 14
3097 15
3098 14
3099 15
3100 14
3101 15
3102 14
3103 15
3104 14
3105 15
3106 14
3107 15
3108 14
3109 15
3110 14
3111 15
3112 14
3113 15
3114 14
3115 15
3116 14
3117 15
3118 14
3119 15
3120 14
3121 15
3122 14
3123 15
3124 14
3125 15
3126 14
3127 15
3128 14
3129 15
3130 14
3131 15
3132 14
3133 15
3134 14
3135 15
3136 14
3137 15
3138 14
3139 15
3140 14
3141 15
3142 14
3143 15
3144 14
3145 15
3146 14
3147 15
3148 14
3149 15
3150 14
3151 15
3152 14
3153 15
3154 14
3155 15
3156 14
3157 15
3158 14
3159 15
3160 14
3161 15
3162 14
3163 15
3164 14
3165 15
3166 14
3167 15
3168 14
3169 15
3170 14
3171 15
3172 14
3173 15
3174 14
3175 15
3176 14
3177 15
3178 14
3179 15
3180 14
3181 15
3182 14
3183 15
3184 14
3185 15
3186 14
3187 15
3188 14
3189 15
3190 14
3191 15
3192 14
3193 15
3194 14
3195 15
3196 14
3197 15
3198 14
3199 15
/gpfs/cfel/group/cxi/scratch/2021/ESRF-2024-Meents-Mar-ID09/RAW_DATA/darks/20240306_180458_darks_sc_6.8us_0.0us_d0_f0_2.h5
0 15
1 0
2 15
3 0
4 15
5 0
6 15
7 0
8 15
9 0
10 15
11 0
12 15
13 0
14 15
15 0
16 15
17 0
18 15
19 0
20 15
21 0
22 15
23 0
24 15
25 0
26 15
27 0
28 15
29 0
30 15
31 0
32 15
33 0
34 15
35 0
36 15
37 0
38 15
39 0
40 15
41 0
42 15
43 0
44 15
45 0
46 15
47 0
48 15
49 0
50 15
51 0
52 15
53 0
54 15
55 0
56 15
57 0
58 15
59 0
60 15
61 0
62 15
63 0
64 15
65 0
66 15
67 0
68 15
69 0
70 15
71 0
72 15
73 0
74 15
75 0
76 15
77 0
78 15
79 0
80 15
81 0
82 15
83 0
84 15
85 0
86 15
87 0
88 15
89 0
90 15
91 0
92 15
93 0
94 15
95 0
96 15
97 0
98 15
99 0
100 15
101 0
102 15
103 0
104 15
105 0
106 15
107 0
108 15
109 0
110 15
111 0
112 15
113 0
114 15
115 0
116 15
117 0
118 15
119 0
120 15
121 0
122 15
123 0
124 15
125 0
126 15
127 0
128 15
129 0
130 15
131 0
132 15
133 0
134 15
135 0
136 15
137 0
138 15
139 0
140 15
141 0
142 15
143 0
144 15
145 0
146 15
147 0
148 15
149 0
150 15
151 0
152 15
153 0
154 15
155 0
156 15
157 0
158 15
159 0
160 15
161 0
162 15
163 0
164 15
165 0
166 15
167 0
168 15
169 0
170 15
171 0
172 15
173 0
174 15
175 0
176 15
177 0
178 15
179 0
180 15
181 0
182 15
183 0
184 15
185 0
186 15
187 0
188 15
189 0
190 15
191 0
192 15
193 0
194 15
195 0
196 15
197 0
198 15
199 0
200 0
201 1
202 0
203 1
204 0
205 1
206 0
207 1
208 0
209 1
210 0
211 1
212 0
213 1
214 0
215 1
216 0
217 1
218 0
219 1
220 0
221 1
222 0
223 1
224 0
225 1
226 0
227 1
228 0
229 1
230 0
231 1
232 0
233 1
234 0
235 1
236 0
237 1
238 0
239 1
240 0
241 1
242 0
243 1
244 0
245 1
246 0
247 1
248 0
249 1
250 0
251 1
252 0
253 1
254 0
255 1
256 0
257 1
258 0
259 1
260 0
261 1
262 0
263 1
264 0
265 1
266 0
267 1
268 0
269 1
270 0
271 1
272 0
273 1
274 0
275 1
276 0
277 1
278 0
279 1
280 0
281 1
282 0
283 1
284 0
285 1
286 0
287 1
288 0
289 1
290 0
291 1
292 0
293 1
294 0
295 1
296 0
297 1
298 0
299 1
300 0
301 1
302 0
303 1
304 0
305 1
306 0
307 1
308 0
309 1
310 0
311 1
312 0
313 1
314 0
315 1
316 0
317 1
318 0
319 1
320 0
321 1
322 0
323 1
324 0
325 1
326 0
327 1
328 0
329 1
330 0
331 1
332 0
333 1
334 0
335 1
336 0
337 1
338 0
339 1
340 0
341 1
342 0
343 1
344 0
345 1
346 0
347 1
348 0
349 1
350 0
351 1
352 0
353 1
354 0
355 1
356 0
357 1
358 0
359 1
360 0
361 1
362 0
363 1
364 0
365 1
366 0
367 1
368 0
369 1
370 0
371 1
372 0
373 1
374 0
375 1
376 0
377 1
378 0
379 1
380 0
381 1
382 0
383 1
384 0
385 1
386 0
387 1
388 0
389 1
390 0
391 1
392 0
393 1
394 0
395 1
396 0
397 1
398 0
399 1
400 1
401 2
402 1
403 2
404 1
405 2
406 1
407 2
408 1
409 2
410 1
411 2
412 1
413 2
414 1
415 2
416 1
417 2
418 1
419 2
420 1
421 2
422 1
423 2
424 1
425 2
426 1
427 2
428 1
429 2
430 1
431 2
432 1
433 2
434 1
435 2
436 1
437 2
438 1
439 2
440 1
441 2
442 1
443 2
444 1
445 2
446 1
447 2
448 1
449 2
450 1
451 2
452 1
453 2
454 1
455 2
456 1
457 2
458 1
459 2
460 1
461 2
462 1
463 2
464 1
465 2
466 1
467 2
468 1
469 2
470 1
471 2
472 1
473 2
474 1
475 2
476 1
477 2
478 1
479 2
480 1
481 2
482 1
483 2
484 1
485 2
486 1
487 2
488 1
489 2
490 1
491 2
492 1
493 2
494 1
495 2
496 1
497 2
498 1
499 2
500 1
501 2
502 1
503 2
504 1
505 2
506 1
507 2
508 1
509 2
510 1
511 2
512 1
513 2
514 1
515 2
516 1
517 2
518 1
519 2
520 1
521 2
522 1
523 2
524 1
525 2
526 1
527 2
528 1
529 2
530 1
531 2
532 1
533 2
534 1
535 2
536 1
537 2
538 1
539 2
540 1
541 2
542 1
543 2
544 1
545 2
546 1
547 2
548 1
549 2
550 1
551 2
552 1
553 2
554 1
555 2
556 1
557 2
558 1
559 2
560 1
561 2
562 1
563 2
564 1
565 2
566 1
567 2
568 1
569 2
570 1
571 2
572 1
573 2
574 1
575 2
576 1
577 2
578 1
579 2
580 1
581 2
582 1
583 2
584 1
585 2
586 1
587 2
588 1
589 2
590 1
591 2
592 1
593 2
594 1
595 2
596 1
597 2
598 1
599 2
600 2
601 3
602 2
603 3
604 2
605 3
606 2
607 3
608 2
609 3
610 2
611 3
612 2
613 3
614 2
615 3
616 2
617 3
618 2
619 3
620 2
621 3
622 2
623 3
624 2
625 3
626 2
627 3
628 2
629 3
630 2
631 3
632 2
633 3
634 2
635 3
636 2
637 3
638 2
639 3
640 2
641 3
642 2
643 3
644 2
645 3
646 2
647 3
648 2
649 3
650 2
651 3
652 2
653 3
654 2
655 3
656 2
657 3
658 2
659 3
660 2
661 3
662 2
663 3
664 2
665 3
666 2
667 3
668 2
669 3
670 2
671 3
672 2
673 3
674 2
675 3
676 2
677 3
678 2
679 3
680 2
681 3
682 2
683 3
684 2
685 3
686 2
687 3
688 2
689 3
690 2
691 3
692 2
693 3
694 2
695 3
696 2
697 3
698 2
699 3
700 2
701 3
702 2
703 3
704 2
705 3
706 2
707 3
708 2
709 3
710 2
711 3
712 2
713 3
714 2
715 3
716 2
717 3
718 2
719 3
720 2
721 3
722 2
723 3
724 2
725 3
726 2
727 3
728 2
729 3
730 2
731 3
732 2
733 3
734 2
735 3
736 2
737 3
738 2
739 3
740 2
741 3
742 2
743 3
744 2
745 3
746 2
747 3
748 2
749 3
750 2
751 3
752 2
753 3
754 2
755 3
756 2
757 3
758 2
759 3
760 2
761 3
762 2
763 3
764 2
765 3
766 2
767 3
768 2
769 3
770 2
771 3
772 2
773 3
774 2
775 3
776 2
777 3
778 2
779 3
780 2
781 3
782 2
783 3
784 2
785 3
786 2
787 3
788 2
789 3
790 2
791 3
792 2
793 3
794 2
795 3
796 2
797 3
798 2
799 3
800 3
801 4
802 3
803 4
804 3
805 4
806 3
807 4
808 3
809 4
810 3
811 4
812 3
813 4
814 3
815 4
816 3
817 4
818 3
819 4
820 3
821 4
822 3
823 4
824 3
825 4
826 3
827 4
828 3
829 4
830 3
831 4
832 3
833 4
834 3
835 4
836 3
837 4
838 3
839 4
840 3
841 4
842 3
843 4
844 3
845 4
846 3
847 4
848 3
849 4
850 3
851 4
852 3
853 4
854 3
855 4
856 3
857 4
858 3
859 4
860 3
861 4
862 3
863 4
864 3
865 4
866 3
867 4
868 3
869 4
870 3
871 4
872 3
873 4
874 3
875 4
876 3
877 4
878 3
879 4
880 3
881 4
882 3
883 4
884 3
885 4
886 3
887 4
888 3
889 4
890 3
891 4
892 3
893 4
894 3
895 4
896 3
897 4
898 3
899 4
900 3
901 4
902 3
903 4
904 3
905 4
906 3
907 4
908 3
909 4
910 3
911 4
912 3
913 4
914 3
915 4
916 3
917 4
918 3
919 4
920 3
921 4
922 3
923 4
924 3
925 4
926 3
927 4
928 3
929 4
930 3
931 4
932 3
933 4
934 3
935 4
936 3
937 4
938 3
939 4
940 3
941 4
942 3
943 4
944 3
945 4
946 3
947 4
948 3
949 4
950 3
951 4
952 3
953 4
954 3
955 4
956 3
957 4
958 3
959 4
960 3
961 4
962 3
963 4
964 3
965 4
966 3
967 4
968 3
969 4
970 3
971 4
972 3
973 4
974 3
975 4
976 3
977 4
978 3
979 4
980 3
981 4
982 3
983 4
984 3
985 4
986 3
987 4
988 3
989 4
990 3
991 4
992 3
993 4
994 3
995 4
996 3
997 4
998 3
999 4
1000 4
1001 5
1002 4
1003 5
1004 4
1005 5
1006 4
1007 5
1008 4
1009 5
1010 4
1011 5
1012 4
1013 5
1014 4
1015 5
1016 4
1017 5
1018 4
1019 5
1020 4
1021 5
1022 4
1023 5
1024 4
1025 5
1026 4
1027 5
1028 4
1029 5
1030 4
1031 5
1032 4
1033 5
1034 4
1035 5
1036 4
1037 5
1038 4
1039 5
1040 4
1041 5
1042 4
1043 5
1044 4
1045 5
1046 4
1047 5
1048 4
1049 5
1050 4
1051 5
1052 4
1053 5
1054 4
1055 5
1056 4
1057 5
1058 4
1059 5
1060 4
1061 5
1062 4
1063 5
1064 4
1065 5
1066 4
1067 5
1068 4
1069 5
1070 4
1071 5
1072 4
1073 5
1074 4
1075 5
1076 4
1077 5
1078 4
1079 5
1080 4
1081 5
1082 4
1083 5
1084 4
1085 5
1086 4
1087 5
1088 4
1089 5
1090 4
1091 5
1092 4
1093 5
1094 4
1095 5
1096 4
1097 5
1098 4
1099 5
1100 4
1101 5
1102 4
1103 5
1104 4
1105 5
1106 4
1107 5
1108 4
1109 5
1110 4
1111 5
1112 4
1113 5
1114 4
1115 5
1116 4
1117 5
1118 4
1119 5
1120 4
1121 5
1122 4
1123 5
1124 4
1125 5
1126 4
1127 5
1128 4
1129 5
1130 4
1131 5
1132 4
1133 5
1134 4
1135 5
1136 4
1137 5
1138 4
1139 5
1140 4
1141 5
1142 4
1143 5
1144 4
1145 5
1146 4
1147 5
1148 4
1149 5
1150 4
1151 5
1152 4
1153 5
1154 4
1155 5
1156 4
1157 5
1158 4
1159 5
1160 4
1161 5
1162 4
1163 5
1164 4
1165 5
1166 4
1167 5
1168 4
1169 5
1170 4
1171 5
1172 4
1173 5
1174 4
1175 5
1176 4
1177 5
1178 4
1179 5
1180 4
1181 5
1182 4
1183 5
1184 4
1185 5
1186 4
1187 5
1188 4
1189 5
1190 4
1191 5
1192 4
1193 5
1194 4
1195 5
1196 4
1197 5
1198 4
1199 5
1200 5
1201 6
1202 5
1203 6
1204 5
1205 6
1206 5
1207 6
1208 5
1209 6
1210 5
1211 6
1212 5
1213 6
1214 5
1215 6
1216 5
1217 6
1218 5
1219 6
1220 5
1221 6
1222 5
1223 6
1224 5
1225 6
1226 5
1227 6
1228 5
1229 6
1230 5
1231 6
1232 5
1233 6
1234 5
1235 6
1236 5
1237 6
1238 5
1239 6
1240 5
1241 6
1242 5
1243 6
1244 5
1245 6
1246 5
1247 6
1248 5
1249 6
1250 5
1251 6
1252 5
1253 6
1254 5
1255 6
1256 5
1257 6
1258 5
1259 6
1260 5
1261 6
1262 5
1263 6
1264 5
1265 6
1266 5
1267 6
1268 5
1269 6
1270 5
1271 6
1272 5
1273 6
1274 5
1275 6
1276 5
1277 6
1278 5
1279 6
1280 5
1281 6
1282 5
1283 6
1284 5
1285 6
1286 5
1287 6
1288 5
1289 6
1290 5
1291 6
1292 5
1293 6
1294 5
1295 6
1296 5
1297 6
1298 5
1299 6
1300 5
1301 6
1302 5
1303 6
1304 5
1305 6
1306 5
1307 6
1308 5
1309 6
1310 5
1311 6
1312 5
1313 6
1314 5
1315 6
1316 5
1317 6
1318 5
1319 6
1320 5
1321 6
1322 5
1323 6
1324 5
1325 6
1326 5
1327 6
1328 5
1329 6
1330 5
1331 6
1332 5
1333 6
1334 5
1335 6
1336 5
1337 6
1338 5
1339 6
1340 5
1341 6
1342 5
1343 6
1344 5
1345 6
1346 5
1347 6
1348 5
1349 6
1350 5
1351 6
1352 5
1353 6
1354 5
1355 6
1356 5
1357 6
1358 5
1359 6
1360 5
1361 6
1362 5
1363 6
1364 5
1365 6
1366 5
1367 6
1368 5
1369 6
1370 5
1371 6
1372 5
1373 6
1374 5
1375 6
1376 5
1377 6
1378 5
1379 6
1380 5
1381 6
1382 5
1383 6
1384 5
1385 6
1386 5
1387 6
1388 5
1389 6
1390 5
1391 6
1392 5
1393 6
1394 5
1395 6
1396 5
1397 6
1398 5
1399 6
1400 6
1401 7
1402 6
1403 7
1404 6
1405 7
1406 6
1407 7
1408 6
1409 7
1410 6
1411 7
1412 6
1413 7
1414 6
1415 7
1416 6
1417 7
1418 6
1419 7
1420 6
1421 7
1422 6
1423 7
1424 6
1425 7
1426 6
1427 7
1428 6
1429 7
1430 6
1431 7
1432 6
1433 7
1434 6
1435 7
1436 6
1437 7
1438 6
1439 7
1440 6
1441 7
1442 6
1443 7
1444 6
1445 7
1446 6
1447 7
1448 6
1449 7
1450 6
1451 7
1452 6
1453 7
1454 6
1455 7
1456 6
1457 7
1458 6
1459 7
1460 6
1461 7
1462 6
1463 7
1464 6
1465 7
1466 6
1467 7
1468 6
1469 7
1470 6
1471 7
1472 6
1473 7
1474 6
1475 7
1476 6
1477 7
1478 6
1479 7
1480 6
1481 7
1482 6
1483 7
1484 6
1485 7
1486 6
1487 7
1488 6
1489 7
1490 6
1491 7
1492 6
1493 7
1494 6
1495 7
1496 6
1497 7
1498 6
1499 7
1500 6
1501 7
1502 6
1503 7
1504 6
1505 7
1506 6
1507 7
1508 6
1509 7
1510 6
1511 7
1512 6
1513 7
1514 6
1515 7
1516 6
1517 7
1518 6
1519 7
1520 6
1521 7
1522 6
1523 7
1524 6
1525 7
1526 6
1527 7
1528 6
1529 7
1530 6
1531 7
1532 6
1533 7
1534 6
1535 7
1536 6
1537 7
1538 6
1539 7
1540 6
1541 7
1542 6
1543 7
1544 6
1545 7
1546 6
1547 7
1548 6
1549 7
1550 6
1551 7
1552 6
1553 7
1554 6
1555 7
1556 6
1557 7
1558 6
1559 7
1560 6
1561 7
1562 6
1563 7
1564 6
1565 7
1566 6
1567 7
1568 6
1569 7
1570 6
1571 7
1572 6
1573 7
1574 6
1575 7
1576 6
1577 7
1578 6
1579 7
1580 6
1581 7
1582 6
1583 7
1584 6
1585 7
1586 6
1587 7
1588 6
1589 7
1590 6
1591 7
1592 6
1593 7
1594 6
1595 7
1596 6
1597 7
1598 6
1599 7
1600 7
1601 8
1602 7
1603 8
1604 7
1605 8
1606 7
1607 8
1608 7
1609 8
1610 7
1611 8
1612 7
1613 8
1614 7
1615 8
1616 7
1617 8
1618 7
1619 8
1620 7
1621 8
1622 7
1623 8
1624 7
1625 8
1626 7
1627 8
1628 7
1629 8
1630 7
1631 8
1632 7
1633 8
1634 7
1635 8
1636 7
1637 8
1638 7
1639 8
1640 7
1641 8
1642 7
1643 8
1644 7
1645 8
1646 7
1647 8
1648 7
1649 8
1650 7
1651 8
1652 7
1653 8
1654 7
1655 8
1656 7
1657 8
1658 7
1659 8
1660 7
1661 8
1662 7
1663 8
1664 7
1665 8
1666 7
1667 8
1668 7
1669 8
1670 7
1671 8
1672 7
1673 8
1674 7
1675 8
1676 7
1677 8
1678 7
1679 8
1680 7
1681 8
1682 7
1683 8
1684 7
1685 8
1686 7
1687 8
1688 7
1689 8
1690 7
1691 8
1692 7
1693 8
1694 7
1695 8
1696 7
1697 8
1698 7
1699 8
1700 7
1701 8
1702 7
1703 8
1704 7
1705 8
1706 7
1707 8
1708 7
1709 8
1710 7
1711 8
1712 7
1713 8
1714 7
1715 8
1716 7
1717 8
1718 7
1719 8
1720 7
1721 8
1722 7
1723 8
1724 7
1725 8
1726 7
1727 8
1728 7
1729 8
1730 7
1731 8
1732 7
1733 8
1734 7
1735 8
1736 7
1737 8
1738 7
1739 8
1740 7
1741 8
1742 7
1743 8
1744 7
1745 8
1746 7
1747 8
1748 7
1749 8
1750 7
1751 8
1752 7
1753 8
1754 7
1755 8
1756 7
1757 8
1758 7
1759 8
1760 7
1761 8
1762 7
1763 8
1764 7
1765 8
1766 7
1767 8
1768 7
1769 8
1770 7
1771 8
1772 7
1773 8
1774 7
1775 8
1776 7
1777 8
1778 7
1779 8
1780 7
1781 8
1782 7
1783 8
1784 7
1785 8
1786 7
1787 8
1788 7
1789 8
1790 7
1791 8
1792 7
1793 8
1794 7
1795 8
1796 7
1797 8
1798 7
1799 8
1800 8
1801 9
1802 8
1803 9
1804 8
1805 9
1806 8
1807 9
1808 8
1809 9
1810 8
1811 9
1812 8
1813 9
1814 8
1815 9
1816 8
1817 9
1818 8
1819 9
1820 8
1821 9
1822 8
1823 9
1824 8
1825 9
1826 8
1827 9
1828 8
1829 9
1830 8
1831 9
1832 8
1833 9
1834 8
1835 9
1836 8
1837 9
1838 8
1839 9
1840 8
1841 9
1842 8
1843 9
1844 8
1845 9
1846 8
1847 9
1848 8
1849 9
1850 8
1851 9
1852 8
1853 9
1854 8
1855 9
1856 8
1857 9
1858 8
1859 9
1860 8
1861 9
1862 8
1863 9
1864 8
1865 9
1866 8
1867 9
1868 8
1869 9
1870 8
1871 9
1872 8
1873 9
1874 8
1875 9
1876 8
1877 9
1878 8
1879 9
1880 8
1881 9
1882 8
1883 9
1884 8
1885 9
1886 8
1887 9
1888 8
1889 9
1890 8
1891 9
1892 8
1893 9
1894 8
1895 9
1896 8
1897 9
1898 8
1899 9
1900 8
1901 9
1902 8
1903 9
1904 8
1905 9
1906 8
1907 9
1908 8
1909 9
1910 8
1911 9
1912 8
1913 9
1914 8
1915 9
1916 8
1917 9
1918 8
1919 9
1920 8
1921 9
1922 8
1923 9
1924 8
1925 9
1926 8
1927 9
1928 8
1929 9
1930 8
1931 9
1932 8
1933 9
1934 8
1935 9
1936 8
1937 9
1938 8
1939 9
1940 8
1941 9
1942 8
1943 9
1944 8
1945 9
1946 8
1947 9
1948 8
1949 9
1950 8
1951 9
1952 8
1953 9
1954 8
1955 9
1956 8
1957 9
1958 8
1959 9
1960 8
1961 9
1962 8
1963 9
1964 8
1965 9
1966 8
1967 9
1968 8
1969 9
1970 8
1971 9
1972 8
1973 9
1974 8
1975 9
1976 8
1977 9
1978 8
1979 9
1980 8
1981 9
1982 8
1983 9
1984 8
1985 9
1986 8
1987 9
1988 8
1989 9
1990 8
1991 9
1992 8
1993 9
1994 8
1995 9
1996 8
1997 9
1998 8
1999 9
2000 9
2001 10
2002 9
2003 10
2004 9
2005 10
2006 9
2007 10
2008 9
2009 10
2010 9
2011 10
2012 9
2013 10
2014 9
2015 10
2016 9
2017 10
2018 9
2019 10
2020 9
2021 10
2022 9
2023 10
2024 9
2025 10
2026 9
2027 10
2028 9
2029 10
2030 9
2031 10
2032 9
2033 10
2034 9
2035 10
2036 9
2037 10
2038 9
2039 10
2040 9
2041 10
2042 9
2043 10
2044 9
2045 10
2046 9
2047 10
2048 9
2049 10
2050 9
2051 10
2052 9
2053 10
2054 9
2055 10
2056 9
2057 10
2058 9
2059 10
2060 9
2061 10
2062 9
2063 10
2064 9
2065 10
2066 9
2067 10
2068 9
2069 10
2070 9
2071 10
2072 9
2073 10
2074 9
2075 10
2076 9
2077 10
2078 9
2079 10
2080 9
2081 10
2082 9
2083 10
2084 9
2085 10
2086 9
2087 10
2088 9
2089 10
2090 9
2091 10
2092 9
2093 10
2094 9
2095 10
2096 9
2097 10
2098 9
2099 10
2100 9
2101 10
2102 9
2103 10
2104 9
2105 10
2106 9
2107 10
2108 9
2109 10
2110 9
2111 10
2112 9
2113 10
2114 9
2115 10
2116 9
2117 10
2118 9
2119 10
2120 9
2121 10
2122 9
2123 10
2124 9
2125 10
2126 9
2127 10
2128 9
2129 10
2130 9
2131 10
2132 9
2133 10
2134 9
2135 10
2136 9
2137 10
2138 9
2139 10
2140 9
2141 10
2142 9
2143 10
2144 9
2145 10
2146 9
2147 10
2148 9
2149 10
2150 9
2151 10
2152 9
2153 10
2154 9
2155 10
2156 9
2157 10
2158 9
2159 10
2160 9
2161 10
2162 9
2163 10
2164 9
2165 10
2166 9
2167 10
2168 9
2169 10
2170 9
2171 10
2172 9
2173 10
2174 9
2175 10
2176 9
2177 10
2178 9
2179 10
2180 9
2181 10
2182 9
2183 10
2184 9
2185 10
2186 9
2187 10
2188 9
2189 10
2190 9
2191 10
2192 9
2193 10
2194 9
2195 10
2196 9
2197 10
2198 9
2199 10
2200 10
2201 11
2202 10
2203 11
2204 10
2205 11
2206 10
2207 11
2208 10
2209 11
2210 10
2211 11
2212 10
2213 11
2214 10
2215 11
2216 10
2217 11
2218 10
2219 11
2220 10
2221 11
2222 10
2223 11
2224 10
2225 11
2226 10
2227 11
2228 10
2229 11
2230 10
2231 11
2232 10
2233 11
2234 10
2235 11
2236 10
2237 11
2238 10
2239 11
2240 10
2241 11
2242 10
2243 11
2244 10
2245 11
2246 10
2247 11
2248 10
2249 11
2250 10
2251 11
2252 10
2253 11
2254 10
2255 11
2256 10
2257 11
2258 10
2259 11
2260 10
2261 11
2262 10
2263 11
2264 10
2265 11
2266 10
2267 11
2268 10
2269 11
2270 10
2271 11
2272 10
2273 11
2274 10
2275 11
2276 10
2277 11
2278 10
2279 11
2280 10
2281 11
2282 10
2283 11
2284 10
2285 11
2286 10
2287 11
2288 10
2289 11
2290 10
2291 11
2292 10
2293 11
2294 10
2295 11
2296 10
2297 11
2298 10
2299 11
2300 10
2301 11
2302 10
2303 11
2304 10
2305 11
2306 10
2307 11
2308 10
2309 11
2310 10
2311 11
2312 10
2313 11
2314 10
2315 11
2316 10
2317 11
2318 10
2319 11
2320 10
2321 11
2322 10
2323 11
2324 10
2325 11
2326 10
2327 11
2328 10
2329 11
2330 10
2331 11
2332 10
2333 11
2334 10
2335 11
2336 10
2337 11
2338 10
2339 11
2340 10
2341 11
2342 10
2343 11
2344 10
2345 11
2346 10
2347 11
2348 10
2349 11
2350 10
2351 11
2352 10
2353 11
2354 10
2355 11
2356 10
2357 11
2358 10
2359 11
2360 10
2361 11
2362 10
2363 11
2364 10
2365 11
2366 10
2367 11
2368 10
2369 11
2370 10
2371 11
2372 10
2373 11
2374 10
2375 11
2376 10
2377 11
2378 10
2379 11
2380 10
2381 11
2382 10
2383 11
2384 10
2385 11
2386 10
2387 11
2388 10
2389 11
2390 10
2391 11
2392 10
2393 11
2394 10
2395 11
2396 10
2397 11
2398 10
2399 11
2400 11
2401 12
2402 11
2403 12
2404 11
2405 12
2406 11
2407 12
2408 11
2409 12
2410 11
2411 12
2412 11
2413 12
2414 11
2415 12
2416 11
2417 12
2418 11
2419 12
2420 11
2421 12
2422 11
2423 12
2424 11
2425 12
2426 11
2427 12
2428 11
2429 12
2430 11
2431 12
2432 11
2433 12
2434 11
2435 12
2436 11
2437 12
2438 11
2439 12
2440 11
2441 12
2442 11
2443 12
2444 11
2445 12
2446 11
2447 12
2448 11
2449 12
2450 11
2451 12
2452 11
2453 12
2454 11
2455 12
2456 11
2457 12
2458 11
2459 12
2460 11
2461 12
2462 11
2463 12
2464 11
2465 12
2466 11
2467 12
2468 11
2469 12
2470 11
2471 12
2472 11
2473 12
2474 11
2475 12
2476 11
2477 12
2478 11
2479 12
2480 11
2481 12
2482 11
2483 12
2484 11
2485 12
2486 11
2487 12
2488 11
2489 12
2490 11
2491 12
2492 11
2493 12
2494 11
2495 12
2496 11
2497 12
2498 11
2499 12
2500 11
2501 12
2502 11
2503 12
2504 11
2505 12
2506 11
2507 12
2508 11
2509 12
2510 11
2511 12
2512 11
2513 12
2514 11
2515 12
2516 11
2517 12
2518 11
2519 12
2520 11
2521 12
2522 11
2523 12
2524 11
2525 12
2526 11
2527 12
2528 11
2529 12
2530 11
2531 12
2532 11
2533 12
2534 11
2535 12
2536 11
2537 12
2538 11
2539 12
2540 11
2541 12
2542 11
2543 12
2544 11
2545 12
2546 11
2547 12
2548 11
2549 12
2550 11
2551 12
2552 11
2553 12
2554 11
2555 12
2556 11
2557 12
2558 11
2559 12
2560 11
2561 12
2562 11
2563 12
2564 11
2565 12
2566 11
2567 12
2568 11
2569 12
2570 11
2571 12
2572 11
2573 12
2574 11
2575 12
2576 11
2577 12
2578 11
2579 12
2580 11
2581 12
2582 11
2583 12
2584 11
2585 12
2586 11
2587 12
2588 11
2589 12
2590 11
2591 12
2592 11
2593 12
2594 11
2595 12
2596 11
2597 12
2598 11
2599 12
2600 12
2601 13
2602 12
2603 13
2604 12
2605 13
2606 12
2607 13
2608 12
2609 13
2610 12
2611 13
2612 12
2613 13
2614 12
2615 13
2616 12
2617 13
2618 12
2619 13
2620 12
2621 13
2622 12
2623 13
2624 12
2625 13
2626 12
2627 13
2628 12
2629 13
2630 12
2631 13
2632 12
2633 13
2634 12
2635 13
2636 12
2637 13
2638 12
2639 13
2640 12
2641 13
2642 12
2643 13
2644 12
2645 13
2646 12
2647 13
2648 12
2649 13
2650 12
2651 13
2652 12
2653 13
2654 12
2655 13
2656 12
2657 13
2658 12
2659 13
2660 12
2661 13
2662 12
2663 13
2664 12
2665 13
2666 12
2667 13
2668 12
2669 13
2670 12
2671 13
2672 12
2673 13
2674 12
2675 13
2676 12
2677 13
2678 12
2679 13
2680 12
2681 13
2682 12
2683 13
2684 12
2685 13
2686 12
2687 13
2688 12
2689 13
2690 12
2691 13
2692 12
2693 13
2694 12
2695 13
2696 12
2697 13
2698 12
2699 13
2700 12
2701 13
2702 12
2703 13
2704 12
2705 13
2706 12
2707 13
2708 12
2709 13
2710 12
2711 13
2712 12
2713 13
2714 12
2715 13
2716 12
2717 13
2718 12
2719 13
2720 12
2721 13
2722 12
2723 13
2724 12
2725 13
2726 12
2727 13
2728 12
2729 13
2730 12
2731 13
2732 12
2733 13
2734 12
2735 13
2736 12
2737 13
2738 12
2739 13
2740 12
2741 13
2742 12
2743 13
2744 12
2745 13
2746 12
2747 13
2748 12
2749 13
2750 12
2751 13
2752 12
2753 13
2754 12
2755 13
2756 12
2757 13
2758 12
2759 13
2760 12
2761 13
2762 12
2763 13
2764 12
2765 13
2766 12
2767 13
2768 12
2769 13
2770 12
2771 13
2772 12
2773 13
2774 12
2775 13
2776 12
2777 13
2778 12
2779 13
2780 12
2781 13
2782 12
2783 13
2784 12
2785 13
2786 12
2787 13
2788 12
2789 13
2790 12
2791 13
2792 12
2793 13
2794 12
2795 13
2796 12
2797 13
2798 12
2799 13
2800 13
2801 14
2802 13
2803 14
2804 13
2805 14
2806 13
2807 14
2808 13
2809 14
2810 13
2811 14
2812 13
2813 14
2814 13
2815 14
2816 13
2817 14
2818 13
2819 14
2820 13
2821 14
2822 13
2823 14
2824 13
2825 14
2826 13
2827 14
2828 13
2829 14
2830 13
2831 14
2832 13
2833 14
2834 13
2835 14
2836 13
2837 14
2838 13
2839 14
2840 13
2841 14
2842 13
2843 14
2844 13
2845 14
2846 13
2847 14
2848 13
2849 14
2850 13
2851 14
2852 13
2853 14
2854 13
2855 14
2856 13
2857 14
2858 13
2859 14
2860 13
2861 14
2862 13
2863 14
2864 13
2865 14
2866 13
2867 14
2868 13
2869 14
2870 13
2871 14
2872 13
2873 14
2874 13
2875 14
2876 13
2877 14
2878 13
2879 14
2880 13
2881 14
2882 13
2883 14
2884 13
2885 14
2886 13
2887 14
2888 13
2889 14
2890 13
2891 14
2892 13
2893 14
2894 13
2895 14
2896 13
2897 14
2898 13
2899 14
2900 13
2901 14
2902 13
2903 14
2904 13
2905 14
2906 13
2907 14
2908 13
2909 14
2910 13
2911 14
2912 13
2913 14
2914 13
2915 14
2916 13
2917 14
2918 13
2919 14
2920 13
2921 14
2922 13
2923 14
2924 13
2925 14
2926 13
2927 14
2928 13
2929 14
2930 13
2931 14
2932 13
2933 14
2934 13
2935 14
2936 13
2937 14
2938 13
2939 14
2940 13
2941 14
2942 13
2943 14
2944 13
2945 14
2946 13
2947 14
2948 13
2949 14
2950 13
2951 14
2952 13
2953 14
2954 13
2955 14
2956 13
2957 14
2958 13
2959 14
2960 13
2961 14
2962 13
2963 14
2964 13
2965 14
2966 13
2967 14
2968 13
2969 14
2970 13
2971 14
2972 13
2973 14
2974 13
2975 14
2976 13
2977 14
2978 13
2979 14
2980 13
2981 14
2982 13
2983 14
2984 13
2985 14
2986 13
2987 14
2988 13
2989 14
2990 13
2991 14
2992 13
2993 14
2994 13
2995 14
2996 13
2997 14
2998 13
2999 14
3000 14
3001 15
3002 14
3003 15
3004 14
3005 15
3006 14
3007 15
3008 14
3009 15
3010 14
3011 15
3012 14
3013 15
3014 14
3015 15
3016 14
3017 15
3018 14
3019 15
3020 14
3021 15
3022 14
3023 15
3024 14
3025 15
3026 14
3027 15
3028 14
3029 15
3030 14
3031 15
3032 14
3033 15
3034 14
3035 15
3036 14
3037 15
3038 14
3039 15
3040 14
3041 15
3042 14
3043 15
3044 14
3045 15
3046 14
3047 15
3048 14
3049 15
3050 14
3051 15
3052 14
3053 15
3054 14
3055 15
3056 14
3057 15
3058 14
3059 15
3060 14
3061 15
3062 14
3063 15
3064 14
3065 15
3066 14
3067 15
3068 14
3069 15
3070 14
3071 15
3072 14
3073 15
3074 14
3075 15
3076 14
3077 15
3078 14
3079 15
3080 14
3081 15
3082 14
3083 15
3084 14
3085 15
3086 14
3087 15
3088 14
3089 15
3090 14
3091 15
3092 14
3093 15
3094 14
3095 15
3096 14
3097 15
3098 14
3099 15
3100 14
3101 15
3102 14
3103 15
3104 14
3105 15
3106 14
3107 15
3108 14
3109 15
3110 14
3111 15
3112 14
3113 15
3114 14
3115 15
3116 14
3117 15
3118 14
3119 15
3120 14
3121 15
3122 14
3123 15
3124 14
3125 15
3126 14
3127 15
3128 14
3129 15
3130 14
3131 15
3132 14
3133 15
3134 14
3135 15
3136 14
3137 15
3138 14
3139 15
3140 14
3141 15
3142 14
3143 15
3144 14
3145 15
3146 14
3147 15
3148 14
3149 15
3150 14
3151 15
3152 14
3153 15
3154 14
3155 15
3156 14
3157 15
3158 14
3159 15
3160 14
3161 15
3162 14
3163 15
3164 14
3165 15
3166 14
3167 15
3168 14
3169 15
3170 14
3171 15
3172 14
3173 15
3174 14
3175 15
3176 14
3177 15
3178 14
3179 15
3180 14
3181 15
3182 14
3183 15
3184 14
3185 15
3186 14
3187 15
3188 14
3189 15
3190 14
3191 15
3192 14
3193 15
3194 14
3195 15
3196 14
3197 15
3198 14
3199 15
